-1.999999999999999645e+01 -1.799999999999995381e+01 -1.599999999999998934e+01 -1.399999999999997513e+01 -1.199999999999999645e+01 -9.999999999999996447e+00 -7.999999999999971578e+00 -5.999999999999989342e+00 -3.999999999999996447e+00 -2.000000000000000000e+00 3.552713678800500929e-15 2.000000000000003553e+00 4.000000000000007105e+00 6.000000000000007105e+00 8.000000000000001776e+00 9.999999999999998224e+00 1.200000000000000178e+01 1.400000000000000533e+01 1.600000000000000355e+01 1.800000000000000000e+01 2.000000000000000000e+01
-1.980002555751440951e+01 -1.782014392500072830e+01 -1.584031684278333074e+01 -1.386048671168209268e+01 -1.188061412661413030e+01 -9.900675611396334119e+00 -7.920661339000396595e+00 -5.940572847149216074e+00 -3.960420755534098447e+00 -1.980222487919586882e+00 3.552713678800500929e-15 1.980222487919597540e+00 3.960420755534110882e+00 5.940572847149228508e+00 7.920661339000433898e+00 9.900675611396348330e+00 1.188061412661413740e+01 1.386048671168211754e+01 1.584031684278334140e+01 1.782014392500076383e+01 1.980002555751441662e+01
-1.960010329762986103e+01 -1.764058177276146822e+01 -1.568128073586259674e+01 -1.372196714716487165e+01 -1.176248163943852987e+01 -9.802729458364694892e+00 -7.842671162250031358e+00 -5.882313245340885288e+00 -3.921698788682036252e+00 -1.960898191970606774e+00 3.552713678800500929e-15 1.960898191970606774e+00 3.921698788682043357e+00 5.882313245340908381e+00 7.842671162250063333e+00 9.802729458364700221e+00 1.176248163943853342e+01 1.372196714716489296e+01 1.568128073586261095e+01 1.764058177276150019e+01 1.960010329762987169e+01
-1.940023491113455734e+01 -1.746132325847298361e+01 -1.552291305287369383e+01 -1.358447340626505806e+01 -1.164564150698737777e+01 -9.706202389621967797e+00 -7.766067442243098640e+00 -5.825252518796684598e+00 -3.883856202537550928e+00 -1.942038495635351580e+00 0.000000000000000000e+00 1.942038495635355133e+00 3.883856202537558033e+00 5.825252518796698809e+00 7.766067442243132390e+00 9.706202389621967797e+00 1.164564150698737066e+01 1.358447340626507938e+01 1.552291305287369561e+01 1.746132325847301558e+01 1.940023491113457155e+01
-1.920042221775928937e+01 -1.728237897810709711e+01 -1.536523709275463290e+01 -1.344803995394658358e+01 -1.153013445584442209e+01 -9.611135593790997689e+00 -7.690886918247731074e+00 -5.769419720615502456e+00 -3.846912745644548437e+00 -1.923653308358034053e+00 3.552713678800500929e-15 1.923653308358037606e+00 3.846912745644559095e+00 5.769419720615514890e+00 7.690886918247763049e+00 9.611135593790997689e+00 1.153013445584442209e+01 1.344803995394661200e+01 1.536523709275463112e+01 1.728237897810713619e+01 1.920042221775931424e+01
-1.900066717965547625e+01 -1.710376051037869516e+01 -1.520827829745209314e+01 -1.331270384314364819e+01 -1.141600304433644197e+01 -9.517570445191850581e+00 -7.617164750211980362e+00 -5.714841209276634970e+00 -3.810885442937653522e+00 -1.905750854064301336e+00 3.552713678800500929e-15 1.905750854064297783e+00 3.810885442937667733e+00 5.714841209276656286e+00 7.617164750212007007e+00 9.517570445191850581e+00 1.141600304433644197e+01 1.331270384314366417e+01 1.520827829745210735e+01 1.710376051037872003e+01 1.900066717965546914e+01
-1.880097191672241763e+01 -1.692548053403310604e+01 -1.505206449956518355e+01 -1.317850495616032092e+01 -1.130329172093333767e+01 -9.425548307549515670e+00 -7.544934130986817422e+00 -5.661540205102330248e+00 -3.775788228483552444e+00 -1.888337467806259440e+00 0.000000000000000000e+00 1.888337467806248782e+00 3.775788228483554221e+00 5.661540205102342682e+00 7.544934130986844067e+00 9.425548307549517446e+00 1.130329172093333767e+01 1.317850495616033868e+01 1.505206449956520132e+01 1.692548053403314867e+01 1.880097191672242474e+01
-1.860133872409993216e+01 -1.674755296327691667e+01 -1.489662620470067367e+01 -1.304548626495486374e+01 -1.119204686061206289e+01 -9.335110287495670178e+00 -7.474225854516294731e+00 -5.609536331665541553e+00 -3.741631588265406094e+00 -1.871417406429152663e+00 3.552713678800500929e-15 1.871417406429149111e+00 3.741631588265418529e+00 5.609536331665559317e+00 7.474225854516319600e+00 9.335110287495675507e+00 1.119204686061205933e+01 1.304548626495487795e+01 1.489662620470069143e+01 1.674755296327695220e+01 1.860133872409994993e+01
-1.840177009220582605e+01 -1.656999310478535037e+01 -1.474199691413363311e+01 -1.291369410997521072e+01 -1.108231677060009801e+01 -9.246296928872542509e+00 -7.405067838538194280e+00 -5.558845148626240018e+00 -3.708422222134025503e+00 -1.854992679352314155e+00 1.065814103640150279e-14 1.854992679352310603e+00 3.708422222134048596e+00 5.558845148626256005e+00 7.405067838538228031e+00 9.246296928872551391e+00 1.108231677060010512e+01 1.291369410997523026e+01 1.474199691413364732e+01 1.656999310478538590e+01 1.840177009220582605e+01
-1.820226872977998767e+01 -1.639281784049312307e+01 -1.458821349432125913e+01 -1.278317849624759006e+01 -1.097415165470765075e+01 -9.159147838118684604e+00 -7.337484601648540661e+00 -5.509477684107991990e+00 -3.676162734695907375e+00 -1.839062905487637067e+00 7.105427357601001859e-15 1.839062905487637067e+00 3.676162734695918033e+00 5.509477684108007978e+00 7.337484601648569082e+00 9.159147838118688156e+00 1.097415165470765963e+01 1.278317849624761315e+01 1.458821349432126269e+01 1.639281784049315860e+01 1.820226872978000188e+01
-1.800283759049760235e+01 -1.621604584134954408e+01 -1.443531660092036972e+01 -1.265399340400469086e+01 -1.086760352281939390e+01 -9.073701230552646990e+00 -7.271496696383156433e+00 -5.461439976426845533e+00 -3.644851365237560259e+00 -1.823625201948956942e+00 7.105427357601001859e-15 1.823625201948964047e+00 3.644851365237576246e+00 5.461439976426863296e+00 7.271496696383186631e+00 9.073701230552661201e+00 1.086760352281941344e+01 1.265399340400471928e+01 1.443531660092038749e+01 1.621604584134958671e+01 1.800283759049762011e+01
-1.780347990384082735e+01 -1.603969781845645670e+01 -1.428335116621738976e+01 -1.252619710910686379e+01 -1.076272602902406561e+01 -8.989993387337761988e+00 -7.207120102321677990e+00 -5.414732636666428789e+00 -3.614481766717460687e+00 -1.808674109518971562e+00 3.552713678800500929e-15 1.808674109518973339e+00 3.614481766717469569e+00 5.414732636666437671e+00 7.207120102321704636e+00 8.989993387337769093e+00 1.076272602902407272e+01 1.252619710910688333e+01 1.428335116621739864e+01 1.603969781845648868e+01 1.780347990384082735e+01
-1.760419921108088914e+01 -1.586379681958749188e+01 -1.413236696028875627e+01 -1.239985250563348984e+01 -1.065957421831787499e+01 -8.908058013523792340e+00 -7.144365586156958159e+00 -5.369350445137015981e+00 -3.585042843321492256e+00 -1.794201558842960509e+00 7.105427357601001859e-15 1.794201558842969391e+00 3.585042843321502914e+00 5.369350445137021310e+00 7.144365586156979475e+00 8.908058013523797669e+00 1.065957421831788743e+01 1.239985250563350938e+01 1.413236696028877759e+01 1.586379681958753096e+01 1.760419921108091401e+01
-1.740499940742926199e+01 -1.568836858111943044e+01 -1.398241923774582673e+01 -1.227502741900940109e+01 -1.055820415789764510e+01 -8.827925489086329236e+00 -7.083238039186984025e+00 -5.325281996011067775e+00 -3.556518655028774845e+00 -1.780196880042453245e+00 3.552713678800500929e-15 1.780196880042447916e+00 3.556518655028783726e+00 5.325281996011078434e+00 7.083238039186998236e+00 8.827925489086332789e+00 1.055820415789765221e+01 1.227502741900940997e+01 1.398241923774583562e+01 1.568836858111945531e+01 1.740499940742926555e+01
-1.720588479168193885e+01 -1.551344194803527188e+01 -1.383356948351242721e+01 -1.215179489250252587e+01 -1.045867242492061422e+01 -8.749622007630826204e+00 -7.023735806699654916e+00 -5.282509405218704046e+00 -3.528888396051740983e+00 -1.766646856943570043e+00 1.065814103640150279e-14 1.766646856943571819e+00 3.528888396051755194e+00 5.282509405218707599e+00 7.023735806699663797e+00 8.749622007630831533e+00 1.045867242492062843e+01 1.215179489250254008e+01 1.383356948351243609e+01 1.551344194803530741e+01 1.720588479168194240e+01
-1.700686012502922750e+01 -1.533904937808716085e+01 -1.368588627260803037e+01 -1.203023342240869553e+01 -1.036103541856283883e+01 -8.673168601735813610e+00 -6.965850028070200040e+00 -5.241008096827055596e+00 -3.502126451920101857e+00 -1.753535825476795651e+00 3.552713678800500929e-15 1.753535825476800980e+00 3.502126451920112515e+00 5.241008096827066254e+00 6.965850028070216027e+00 8.673168601735824268e+00 1.036103541856286014e+01 1.203023342240871330e+01 1.368588627260804103e+01 1.533904937808720703e+01 1.700686012502924527e+01
-1.680793070115564447e+01 -1.516522755070547746e+01 -1.353944626011715968e+01 -1.191042710714626551e+01 -1.026534846076972940e+01 -8.598580060107892109e+00 -6.909564010802920819e+00 -5.200746682438744273e+00 -3.476202537436702045e+00 -1.740845814123378688e+00 7.105427357601001859e-15 1.740845814123384017e+00 3.476202537436714479e+00 5.200746682438763813e+00 6.909564010802935030e+00 8.598580060107900991e+00 1.026534846076974716e+01 1.191042710714628328e+01 1.353944626011716856e+01 1.516522755070550943e+01 1.680793070115565158e+01
-1.660910243035726097e+01 -1.499201810719024763e+01 -1.339433531799267740e+01 -1.179246566215082481e+01 -1.017166464806485493e+01 -8.525863750072655733e+00 -6.854852665831828062e+00 -5.161686946477740179e+00 -3.451081914858725952e+00 -1.728556722668809442e+00 1.421085471520200372e-14 1.728556722668821877e+00 3.451081914858740163e+00 5.161686946477752613e+00 6.854852665831831615e+00 8.525863750072671721e+00 1.017166464806488335e+01 1.179246566215084613e+01 1.339433531799269161e+01 1.499201810719028671e+01 1.660910243035727873e+01
-1.641038194120880789e+01 -1.481946855664567053e+01 -1.325064983434035426e+01 -1.167644423518289543e+01 -1.008003341732988289e+01 -8.455018369536414724e+00 -6.801682034638929508e+00 -5.123783947500655245e+00 -3.426725688604623343e+00 -1.716646534081004205e+00 1.065814103640150279e-14 1.716646534081007758e+00 3.426725688604632225e+00 5.123783947500669456e+00 6.801682034638931285e+00 8.455018369536421829e+00 1.008003341732989711e+01 1.167644423518290253e+01 1.325064983434036847e+01 1.481946855664570251e+01 1.641038194120882210e+01
-1.621177670440102858e+01 -1.464763339275086551e+01 -1.310849818716321380e+01 -1.156246293482231025e+01 -9.990498793183228088e+00 -8.386032665253310370e+00 -6.750008940554842241e+00 -5.086986241881291448e+00 -3.403091169746847555e+00 -1.705091553156886874e+00 7.105427357601001859e-15 1.705091553156908191e+00 3.403091169746852884e+00 5.086986241881305659e+00 6.750008940554844017e+00 8.386032665253328133e+00 9.990498793183240522e+00 1.156246293482232801e+01 1.310849818716321913e+01 1.464763339275089393e+01 1.621177670440104279e+01
-1.601329518486144110e+01 -1.447657548083135026e+01 -1.296800239624918305e+01 -1.145062595823391760e+01 -9.903097295504025510e+00 -8.318884168437641335e+00 -6.699780796341389788e+00 -5.051236231484192984e+00 -3.380132300730437578e+00 -1.693866664750313333e+00 1.065814103640150279e-14 1.693866664750320439e+00 3.380132300730450012e+00 5.051236231484201866e+00 6.699780796341393341e+00 8.318884168437655546e+00 9.903097295504046826e+00 1.145062595823393536e+01 1.296800239624919193e+01 1.447657548083138401e+01 1.601329518486144465e+01
-1.581494703033948568e+01 -1.430636779424763816e+01 -1.282929994082542535e+01 -1.134104017322587410e+01 -9.817855505147822015e+00 -8.253538013329990264e+00 -6.650935597243634589e+00 -5.016470631515506540e+00 -3.357800128363198411e+00 -1.682945603951843339e+00 8.881784197001252323e-15 1.682945603951862878e+00 3.357800128363205516e+00 5.016470631515522527e+00 6.650935597243636366e+00 8.253538013330011580e+00 9.817855505147843331e+00 1.134104017322587765e+01 1.282929994082543956e+01 1.430636779424767013e+01 1.581494703033949101e+01
-1.561674330754807904e+01 -1.413709560588351799e+01 -1.269254570182713415e+01 -1.123381297615475027e+01 -9.734787316414346137e+00 -8.189945917469371395e+00 -6.603402122737799473e+00 -4.982621048984190892e+00 -3.336043311335581407e+00 -1.672301230551740403e+00 7.105427357601001859e-15 1.672301230551759943e+00 3.336043311335593842e+00 4.982621048984203327e+00 6.603402122737794144e+00 8.189945917469383829e+00 9.734787316414369229e+00 1.123381297615477159e+01 1.269254570182714659e+01 1.413709560588355529e+01 1.561674330754809503e+01
-1.541869680110936436e+01 -1.396885927733573673e+01 -1.255791393847605342e+01 -1.112904921593863428e+01 -9.653890948246440118e+00 -8.128045411698236578e+00 -6.557100361099111652e+00 -4.949614656585753281e+00 -3.314808647481557458e+00 -1.661905800458635341e+00 3.552713678800500929e-15 1.661905800458651328e+00 3.314808647481561010e+00 4.949614656585755057e+00 6.557100361099100994e+00 8.128045411698249012e+00 9.653890948246457882e+00 1.112904921593863961e+01 1.255791393847606230e+01 1.396885927733575627e+01 1.541869680110936436e+01
-1.522082239658663028e+01 -1.380177783920104773e+01 -1.242560012775255274e+01 -1.102684695409887894e+01 -9.575145842830277587e+00 -8.067759410426248223e+00 -6.511942159004025399e+00 -4.917374941845395142e+00 -3.294041605754919999e+00 -1.651731227421979753e+00 5.329070518200751394e-15 1.651731227421997517e+00 3.294041605754925328e+00 4.917374941845398695e+00 6.511942159004020070e+00 8.067759410426264211e+00 9.575145842830298903e+00 1.102684695409888960e+01 1.242560012775255629e+01 1.380177783920108503e+01 1.522082239658663738e+01
-1.502313757780351366e+01 -1.363599362591152442e+01 -1.229582236534519524e+01 -1.092729183632402012e+01 -9.498509647675259515e+00 -8.008996205439970595e+00 -6.467832084497867839e+00 -4.885822507516458302e+00 -3.273686848467839638e+00 -1.641749329341362085e+00 3.552713678800500929e-15 1.641749329341376296e+00 3.273686848467848520e+00 4.885822507516472513e+00 6.467832084497862510e+00 8.008996205439977700e+00 9.498509647675273726e+00 1.092729183632402723e+01 1.229582236534519346e+01 1.363599362591154396e+01 1.502313757780351366e+01
-1.482566308209359285e+01 -1.347167832464416115e+01 -1.216882182422476610e+01 -1.083044990561704957e+01 -9.423915548230729300e+00 -7.951649947246044903e+00 -6.424668477119562127e+00 -4.854875896923372736e+00 -3.253688730642890548e+00 -1.631932054557070799e+00 7.105427357601001859e-15 1.631932054557092115e+00 3.253688730642908311e+00 4.854875896923385170e+00 6.424668477119556798e+00 7.951649947246059114e+00 9.423915548230759498e+00 1.083044990561705845e+01 1.216882182422477854e+01 1.347167832464420201e+01 1.482566308209359995e+01
-1.462842377782734893e+01 -1.330904092767969438e+01 -1.204486146194576612e+01 -1.073635882265826247e+01 -9.351270279455738077e+00 -7.895601645764143584e+00 -6.382344645451629717e+00 -4.824452417406023486e+00 -3.233991765230600279e+00 -1.622251684713829079e+00 3.552713678800500929e-15 1.622251684713843289e+00 3.233991765230607385e+00 4.824452417406030591e+00 6.382344645451624388e+00 7.895601645764155130e+00 9.351270279455761170e+00 1.073635882265828023e+01 1.204486146194577145e+01 1.330904092767972280e+01 1.462842377782736136e+01
-1.443144986120822182e+01 -1.314833824767424275e+01 -1.192422172715235007e+01 -1.064501771381750572e+01 -9.280453176905229640e+00 -7.840720678742794547e+00 -6.340750161639373772e+00 -4.794468936304166817e+00 -3.214541045259029062e+00 -1.612681011989426594e+00 0.000000000000000000e+00 1.612681011989439028e+00 3.214541045259043273e+00 4.794468936304177475e+00 6.340750161639370219e+00 7.840720678742804317e+00 9.280453176905252732e+00 1.064501771381751993e+01 1.192422172715236606e+01 1.314833824767427295e+01 1.443144986120822537e+01
-1.423477852217258999e+01 -1.298988886403216014e+01 -1.180719141668454597e+01 -1.055637627572827952e+01 -9.211316606879162094e+00 -7.786866746149730290e+00 -6.299772196063162966e+00 -4.764842626840287920e+00 -3.195282616508869467e+00 -1.603193489610355016e+00 3.552713678800500929e-15 1.603193489610372779e+00 3.195282616508885454e+00 4.764842626840293249e+00 6.299772196063155860e+00 7.786866746149742724e+00 9.211316606879183411e+00 1.055637627572828663e+01 1.180719141668455485e+01 1.298988886403217435e+01 1.423477852217258999e+01
-1.403845631727899779e+01 -1.283409158846601450e+01 -1.169405109601287585e+01 -1.047032433577757793e+01 -9.143688018356550984e+00 -7.733892159474285322e+00 -6.259296834356520733e+00 -4.735491645454699139e+00 -3.176163796848014087e+00 -1.593763355582305863e+00 3.552713678800500929e-15 1.593763355582318297e+00 3.176163796848026522e+00 4.735491645454700915e+00 6.259296834356516293e+00 7.733892159474301309e+00 9.143688018356577629e+00 1.047032433577758681e+01 1.169405109601289539e+01 1.283409158846603404e+01 1.403845631727901377e+01
-1.384254263900941062e+01 -1.268144967289996750e+01 -1.158504574418712529e+01 -1.038668374410677409e+01 -9.077373675150889554e+00 -7.681644315683824331e+00 -6.219210323517147643e+00 -4.706335727126068846e+00 -3.157133440741793251e+00 -1.584365730409032835e+00 3.552713678800500929e-15 1.584365730409047046e+00 3.157133440741807462e+00 4.706335727126072399e+00 6.219210323517147643e+00 7.681644315683830548e+00 9.077373675150900212e+00 1.038668374410678652e+01 1.158504574418712885e+01 1.268144967289999236e+01 1.384254263900941240e+01
-1.364711494130849623e+01 -1.253260177268664499e+01 -1.148034287639626605e+01 -1.030520508464739216e+01 -9.012163866113533928e+00 -7.629968185566601946e+00 -6.179400203203238462e+00 -4.677296690435204241e+00 -3.138142149545524617e+00 -1.574976690240017518e+00 8.881784197001252323e-15 1.574976690240035282e+00 3.138142149545533499e+00 4.677296690435204241e+00 6.179400203203240238e+00 7.629968185566607275e+00 9.012163866113546362e+00 1.030520508464740637e+01 1.148034287639628559e+01 1.253260177268666808e+01 1.364711494130850689e+01
-1.345227688370948371e+01 -1.238835950026448884e+01 -1.137997311455446692e+01 -1.022557192042775398e+01 -8.947839097311838685e+00 -7.578708651548961228e+00 -6.139756290873393141e+00 -4.648298849100065411e+00 -3.119142429901430091e+00 -1.565573317374914453e+00 1.776356839400250465e-15 1.565573317374921558e+00 3.119142429901437197e+00 4.648298849100067187e+00 6.139756290873394029e+00 7.578708651548963893e+00 8.947839097311845791e+00 1.022557192042776464e+01 1.137997311455448290e+01 1.238835950026450661e+01 1.345227688370948904e+01
-1.325817153407808746e+01 -1.224974792144660540e+01 -1.128375347737272349e+01 -1.014741469527492157e+01 -8.884176517159556141e+00 -7.527712561649895662e+00 -6.100171503146601282e+00 -4.619269331035379622e+00 -3.100088803866096754e+00 -1.556133730371040969e+00 3.552713678800500929e-15 1.556133730371051627e+00 3.100088803866110965e+00 4.619269331035384951e+00 6.100171503146605723e+00 7.527712561649905432e+00 8.884176517159566799e+00 1.014741469527493933e+01 1.128375347737274659e+01 1.224974792144662850e+01 1.325817153407809812e+01
-1.306500377318831418e+01 -1.211803704759939926e+01 -1.119120180473754012e+01 -1.007033462080896946e+01 -8.820955702741615667e+00 -7.476830418323958227e+00 -6.060542508527968053e+00 -4.590138309432971297e+00 -3.080937875291768435e+00 -1.546637096169330761e+00 3.552713678800500929e-15 1.546637096169339642e+00 3.080937875291775541e+00 4.590138309432973074e+00 6.060542508527972494e+00 7.476830418323967997e+00 8.820955702741628102e+00 1.007033462080897124e+01 1.119120180473756143e+01 1.211803704759941347e+01 1.306500377318832307e+01
-1.287308039501743728e+01 -1.199473551612404343e+01 -1.110146606921892420e+01 -9.993934895777771388e+00 -8.757963016385039268e+00 -7.425917681947654003e+00 -6.020770216798370100e+00 -4.560839152841884570e+00 -3.061648357511625562e+00 -1.537063626697893426e+00 8.881784197001252323e-15 1.537063626697907637e+00 3.061648357511632668e+00 4.560839152841891675e+00 6.020770216798381647e+00 7.425917681947668214e+00 8.757963016385044597e+00 9.993934895777789151e+00 1.110146606921895263e+01 1.199473551612406297e+01 1.287308039501745505e+01
-1.268288647777714395e+01 -1.188148900734393898e+01 -1.101331394944355857e+01 -9.917853176956226591e+00 -8.694994048032183898e+00 -7.374835723864309855e+00 -5.980760117030976986e+00 -4.531308502808380823e+00 -3.042181067589625698e+00 -1.527394562357518026e+00 5.329070518200751394e-15 1.527394562357528685e+00 3.042181067589638133e+00 4.531308502808386152e+00 5.980760117030985867e+00 7.374835723864315185e+00 8.694994048032196332e+00 9.917853176956246131e+00 1.101331394944357456e+01 1.188148900734395319e+01 1.268288647777715461e+01
-1.249524162334472877e+01 -1.177978717430389821e+01 -1.092524367665652818e+01 -9.841786814249147142e+00 -8.631854139453587038e+00 -7.323452499391663650e+00 -5.940422479432339031e+00 -4.501486288460391449e+00 -3.022498892351089594e+00 -1.517612144664109763e+00 7.105427357601001859e-15 1.517612144664118645e+00 3.022498892351100253e+00 4.501486288460395002e+00 5.940422479432350578e+00 7.323452499391674309e+00 8.631854139453590591e+00 9.841786814249157800e+00 1.092524367665655127e+01 1.177978717430390887e+01 1.249524162334473054e+01
-1.231164579111610635e+01 -1.169033723643477884e+01 -1.083575595978559036e+01 -9.765502526394481464e+00 -8.568357518921207117e+00 -7.271643018396957814e+00 -5.899672436882998028e+00 -4.471315687667633654e+00 -3.002566731173871517e+00 -1.507699580143608387e+00 8.881784197001252323e-15 1.507699580143620821e+00 3.002566731173885728e+00 4.471315687667638983e+00 5.899672436883015791e+00 7.271643018396966696e+00 8.568357518921214222e+00 9.765502526394495675e+00 1.083575595978561346e+01 1.169033723643478773e+01 1.231164579111611701e+01
-1.213510239075578667e+01 -1.161186788551171745e+01 -1.074373961659191679e+01 -9.688825534892608005e+00 -8.504325999043352624e+00 -7.219289669589997516e+00 -5.858429961512186424e+00 -4.440743044238558923e+00 -2.982351420145741727e+00 -1.497640997363630433e+00 8.881784197001252323e-15 1.497640997363639315e+00 2.982351420145750609e+00 4.440743044238558923e+00 5.858429961512196193e+00 7.219289669590003733e+00 8.504325999043352624e+00 9.688825534892615110e+00 1.074373961659193455e+01 1.161186788551172810e+01 1.213510239075579022e+01
-1.197209470462227543e+01 -1.153884765972209436e+01 -1.064880886748395028e+01 -9.611608811223486981e+00 -8.439588354022717454e+00 -7.166282413247518690e+00 -5.816619751234711089e+00 -4.409717750144817927e+00 -2.961821641730592702e+00 -1.487421398760272240e+00 3.552713678800500929e-15 1.487421398760275792e+00 2.961821641730592702e+00 4.409717750144815263e+00 5.816619751234727964e+00 7.166282413247524019e+00 8.439588354022719230e+00 9.611608811223490534e+00 1.064880886748396804e+01 1.153884765972210502e+01 1.197209470462228076e+01
-1.183606409684298555e+01 -1.145794166948465076e+01 -1.055141224554965973e+01 -9.533689221650440970e+00 -8.373981299394763766e+00 -7.112518811458720336e+00 -5.774171041811072769e+00 -4.378192101055194740e+00 -2.940947823573708320e+00 -1.477026608690309217e+00 7.105427357601001859e-15 1.477026608690303888e+00 2.940947823573708320e+00 4.378192101055196517e+00 5.774171041811080762e+00 7.112518811458730994e+00 8.373981299394767319e+00 9.533689221650448076e+00 1.055141224554967749e+01 1.145794166948466497e+01 1.183606409684300331e+01
-1.174518518933735400e+01 -1.135044481737529232e+01 -1.045266760594491906e+01 -9.454842428010534761e+00 -8.307352443059047076e+00 -7.057903833860136089e+00 -5.731017361816673983e+00 -4.346121132537509979e+00 -2.919702029548291833e+00 -1.466443218917955704e+00 7.105427357601001859e-15 1.466443218917955704e+00 2.919702029548290056e+00 4.346121132537511755e+00 5.731017361816685529e+00 7.057903833860147635e+00 8.307352443059055958e+00 9.454842428010541866e+00 1.045266760594494038e+01 1.135044481737530297e+01 1.174518518933737177e+01
-1.170341870109094629e+01 -1.121159146432715303e+01 -1.035402794198092025e+01 -9.374751661288119209e+00 -8.239564768532776640e+00 -7.002349376235446954e+00 -5.687096250246682416e+00 -4.313462443163938786e+00 -2.898057845629541163e+00 -1.455658532538206984e+00 5.329070518200751394e-15 1.455658532538214089e+00 2.898057845629548268e+00 4.313462443163945004e+00 5.687096250246698403e+00 7.002349376235463829e+00 8.239564768532785521e+00 9.374751661288129867e+00 1.035402794198093446e+01 1.121159146432716724e+01 1.170341870109096583e+01
-1.169777745581913919e+01 -1.105367100787879409e+01 -1.025689849585374347e+01 -9.293006191899745971e+00 -8.170501364039051140e+00 -6.945773467289171776e+00 -5.642348958014309801e+00 -4.280176009469130349e+00 -2.875990262701819233e+00 -1.444660507149146511e+00 7.105427357601001859e-15 1.444660507149148287e+00 2.875990262701822786e+00 4.280176009469135678e+00 5.642348958014323124e+00 6.945773467289182435e+00 8.170501364039054693e+00 9.293006191899753077e+00 1.025689849585374702e+01 1.105367100787879941e+01 1.169777745581915340e+01
-1.171620613836392977e+01 -1.088850930914172466e+01 -1.016223439088286185e+01 -9.209141573900186728e+00 -8.100068503069284276e+00 -6.888099211669647559e+00 -5.596720153767581252e+00 -4.246223996345106499e+00 -2.853475557976020482e+00 -1.433437697915529441e+00 5.329070518200751394e-15 1.433437697915525888e+00 2.853475557976020482e+00 4.246223996345114493e+00 5.596720153767594574e+00 6.888099211669660882e+00 8.100068503069298487e+00 9.209141573900200939e+00 1.016223439088287250e+01 1.088850930914174242e+01 1.171620613836394931e+01
-1.175194790176549553e+01 -1.072350324686291323e+01 -1.007005906238761561e+01 -9.122722850441475018e+00 -8.028195073479421850e+00 -6.829253608736271630e+00 -5.550157650000345555e+00 -4.211570565149845180e+00 -2.830491176328759906e+00 -1.421979201015801664e+00 5.329070518200751394e-15 1.421979201015799887e+00 2.830491176328756353e+00 4.211570565149853174e+00 5.550157650000356213e+00 6.829253608736278736e+00 8.028195073479427180e+00 9.122722850441487452e+00 1.007005906238761916e+01 1.072350324686292211e+01 1.175194790176550619e+01
-1.180127920441378109e+01 -1.056442391358532262e+01 -9.978824640526372747e+00 -9.033453910454866786e+00 -7.954826885590769336e+00 -6.769166470419644810e+00 -5.502612156955734690e+00 -4.176181680730984169e+00 -2.807015612574227603e+00 -1.410274597832241739e+00 3.552713678800500929e-15 1.410274597832241739e+00 2.807015612574229380e+00 4.176181680730986834e+00 5.502612156955752454e+00 6.769166470419656356e+00 7.954826885590778218e+00 9.033453910454877445e+00 9.978824640526378076e+00 1.056442391358532440e+01 1.180127920441378997e+01
-1.186191969507278543e+01 -1.041762946769962639e+01 -9.884701129994098778e+00 -8.941278385795179418e+00 -7.879915529285032250e+00 -6.707769706876902660e+00 -5.454037060129479642e+00 -4.140024917900912982e+00 -2.783028295436869470e+00 -1.398313900128757226e+00 7.105427357601001859e-15 1.398313900128762555e+00 2.783028295436873023e+00 4.140024917900928081e+00 5.454037060129497405e+00 6.707769706876914206e+00 7.879915529285039355e+00 8.941278385795197181e+00 9.884701129994102331e+00 1.041762946769963172e+01 1.186191969507280142e+01
-1.193231692503854724e+01 -1.029075155075957859e+01 -9.781568595320658588e+00 -8.846432742844308805e+00 -7.803402999250836913e+00 -6.644997227146125951e+00 -5.404388204427180042e+00 -4.103069267771550344e+00 -2.758509473792287281e+00 -1.386087496359229121e+00 8.881784197001252323e-15 1.386087496359232674e+00 2.758509473792294386e+00 4.103069267771567219e+00 5.404388204427193365e+00 6.644997227146139274e+00 7.803402999250850236e+00 8.846432742844331898e+00 9.781568595320663917e+00 1.029075155075958570e+01 1.193231692503856856e+01
-1.201132582267865700e+01 -1.019067271762960303e+01 -9.663396425205480256e+00 -8.749427100514211020e+00 -7.725204987085913189e+00 -6.580785596151205397e+00 -5.353623657470297559e+00 -4.065284944795717337e+00 -2.733440105563277100e+00 -1.373586099160279517e+00 0.000000000000000000e+00 1.373586099160284846e+00 2.733440105563273548e+00 4.065284944795732436e+00 5.353623657470308217e+00 6.580785596151210726e+00 7.725204987085925623e+00 8.749427100514223454e+00 9.663396425205487361e+00 1.019067271762960836e+01 1.201132582267866766e+01
-1.209805283042813251e+01 -1.011958373962885638e+01 -9.528446582307894985e+00 -8.650953784990354833e+00 -7.645197243110674279e+00 -6.515075400533946848e+00 -5.301703419936758976e+00 -4.026643196254680035e+00 -2.707801749472995567e+00 -1.360800694003895472e+00 7.105427357601001859e-15 1.360800694003904354e+00 2.707801749473000896e+00 4.026643196254697799e+00 5.301703419936775852e+00 6.515075400533950400e+00 7.645197243110692931e+00 8.650953784990381479e+00 9.528446582307909196e+00 1.011958373962886526e+01 1.209805283042814317e+01
-1.219177266067723409e+01 -1.007433243068445350e+01 -9.380160989965180107e+00 -8.551738825295412738e+00 -7.563210366177141708e+00 -6.447813029950030028e+00 -5.248589055535553882e+00 -3.987116117006234361e+00 -2.681576459648089994e+00 -1.347722488916742734e+00 1.776356839400250465e-15 1.347722488916744510e+00 2.681576459648086441e+00 3.987116117006246796e+00 5.248589055535560099e+00 6.447813029950037134e+00 7.563210366177151478e+00 8.551738825295419844e+00 9.380160989965183660e+00 1.007433243068445705e+01 1.219177266067725718e+01
-1.229187984849678017e+01 -1.004982965530541250e+01 -9.223988653271156579e+00 -8.452348297649006525e+00 -7.479038234155005682e+00 -6.378952329467185933e+00 -5.194243229196285228e+00 -3.946676473157435083e+00 -2.654746682819395076e+00 -1.334342865114507504e+00 1.776356839400250465e-15 1.334342865114518162e+00 2.654746682819400405e+00 3.946676473157454623e+00 5.194243229196304767e+00 6.378952329467196591e+00 7.479038234155023446e+00 8.452348297649031394e+00 9.223988653271169014e+00 1.004982965530540895e+01 1.229187984849680326e+01
-1.239785842178639363e+01 -1.004168433596032450e+01 -9.064996945996631084e+00 -8.352947423256678050e+00 -7.392463314387375917e+00 -6.308455393471346540e+00 -5.138629168846540196e+00 -3.905297538465772433e+00 -2.627295157593591668e+00 -1.320653328351520273e+00 -1.776356839400250465e-15 1.320653328351523825e+00 2.627295157593593444e+00 3.905297538465784868e+00 5.138629168846552631e+00 6.308455393471356309e+00 7.392463314387397233e+00 8.352947423256694037e+00 9.064996945996647071e+00 1.004168433596032806e+01 1.239785842178640962e+01
-1.250926173993534363e+01 -1.004674361833541241e+01 -8.907607674330325409e+00 -8.253005396142004457e+00 -7.303297782395599569e+00 -6.236291727043408173e+00 -5.081710100185819812e+00 -3.862952946241335894e+00 -2.599204814987643886e+00 -1.306645460747814624e+00 -1.776356839400250465e-15 1.306645460747823506e+00 2.599204814987647438e+00 3.862952946241344776e+00 5.081710100185825141e+00 6.236291727043416167e+00 7.303297782395620885e+00 8.253005396142022221e+00 8.907607674330332515e+00 1.004674361833541774e+01 1.250926173993535606e+01
-1.262569842325034131e+01 -1.006281597673682171e+01 -8.756159649806939171e+00 -8.150978232172910509e+00 -7.211433258989135453e+00 -6.162435156523805801e+00 -5.023448738263759594e+00 -3.819616557017386782e+00 -2.570458679175208871e+00 -1.292310872828492663e+00 0.000000000000000000e+00 1.292310872828503321e+00 2.570458679175217753e+00 3.819616557017402769e+00 5.023448738263770252e+00 6.162435156523814683e+00 7.211433258989154993e+00 8.150978232172931826e+00 8.756159649806958711e+00 1.006281597673682882e+01 1.262569842325035907e+01
-1.274682213785919949e+01 -1.008833962584794541e+01 -8.615372265512485583e+00 -8.044148061423390672e+00 -7.116886253235820803e+00 -6.086858253873968394e+00 -4.963806944668911925e+00 -3.775262338268804641e+00 -2.541039767244434699e+00 -1.277641155489780189e+00 -7.105427357601001859e-15 1.277641155489785518e+00 2.541039767244438252e+00 3.775262338268815299e+00 4.963806944668920806e+00 6.086858253873975499e+00 7.116886253235836790e+00 8.044148061423403107e+00 8.615372265512501571e+00 1.008833962584796140e+01 1.274682213785921192e+01
-1.287232393731195579e+01 -1.012215503838673136e+01 -8.490133767403721166e+00 -7.929052305461629757e+00 -7.019824215602001871e+00 -6.009524636593278402e+00 -4.902745663335315029e+00 -3.729864247402067789e+00 -2.510930986771803930e+00 -1.262627831589503202e+00 -7.105427357601001859e-15 1.262627831589508531e+00 2.510930986771807483e+00 3.729864247402078448e+00 4.902745663335322135e+00 6.009524636593290836e+00 7.019824215602027628e+00 7.929052305461644856e+00 8.490133767403735376e+00 1.012215503838675090e+01 1.287232393731197178e+01
-1.300192636718797168e+01 -1.016336591810603984e+01 -8.384278554649933213e+00 -7.802865713454869123e+00 -6.920560149503193870e+00 -5.930380264425460624e+00 -4.840225220463400646e+00 -3.683396104024874163e+00 -2.480115030222192374e+00 -1.247262306838665680e+00 -7.105427357601001859e-15 1.247262306838671009e+00 2.480115030222195927e+00 3.683396104024881268e+00 4.840225220463411304e+00 5.930380264425473058e+00 6.920560149503214298e+00 7.802865713454876229e+00 8.384278554649949200e+00 1.016336591810606294e+01 1.300192636718797878e+01
-1.313537882612178720e+01 -1.021125519191080144e+01 -8.299120657269988044e+00 -7.665005749910299926e+00 -6.819510138000886457e+00 -5.849345681366749261e+00 -4.776206007416373467e+00 -3.635831433515082978e+00 -2.448574265603891575e+00 -1.231535819635986684e+00 0.000000000000000000e+00 1.231535819635993789e+00 2.448574265603900457e+00 3.635831433515095412e+00 4.776206007416380572e+00 5.849345681366757255e+00 6.819510138000905108e+00 7.665005749910314137e+00 8.299120657269991597e+00 1.021125519191080500e+01 1.313537882612179963e+01
-1.327245384757710411e+01 -1.026523298278737428e+01 -8.233340974941153689e+00 -7.517384918644292924e+00 -6.717113418789978141e+00 -5.766311885713736984e+00 -4.710649459426317520e+00 -3.587143262879919803e+00 -2.416290623398102966e+00 -1.215439389427334760e+00 -3.552713678800500929e-15 1.215439389427341865e+00 2.416290623398110071e+00 3.587143262879925132e+00 4.710649459426326402e+00 5.766311885713748531e+00 6.717113418789998569e+00 7.517384918644299141e+00 8.233340974941157242e+00 1.026523298278738494e+01 1.327245384757711300e+01
-1.341294407264835087e+01 -1.032480318260844498e+01 -8.184283604580741667e+00 -7.363265135841079001e+00 -6.613715365672650393e+00 -5.681142881607151196e+00 -4.643519107976249671e+00 -3.537303853620496596e+00 -2.383245480429108554e+00 -1.198963763075317601e+00 -5.329070518200751394e-15 1.198963763075319378e+00 2.383245480429112106e+00 3.537303853620510807e+00 4.643519107976256777e+00 5.681142881607165407e+00 6.613715365672665492e+00 7.363265135841090547e+00 8.184283604580743443e+00 1.032480318260846275e+01 1.341294407264836686e+01
-1.355665975221854858e+01 -1.038954112109708738e+01 -8.149223387216059322e+00 -7.206159776736134503e+00 -6.509410998079479427e+00 -5.593687572949681552e+00 -4.574781344279424289e+00 -3.486284366223836528e+00 -2.349419541847664661e+00 -1.182099358582380688e+00 -5.329070518200751394e-15 1.182099358582384241e+00 2.349419541847668214e+00 3.486284366223840081e+00 4.574781344279427842e+00 5.593687572949692210e+00 6.509410998079489197e+00 7.206159776736140721e+00 8.149223387216069980e+00 1.038954112109710515e+01 1.355665975221855923e+01
-1.370342666188655834e+01 -1.045907808518232507e+01 -8.125906877938716022e+00 -7.049485866940022660e+00 -6.403848099499944269e+00 -5.503802072365667541e+00 -4.504405421467614801e+00 -3.434054467494286556e+00 -2.314792722491398891e+00 -1.164836205320677109e+00 0.000000000000000000e+00 1.164836205320687768e+00 2.314792722491409549e+00 3.434054467494295437e+00 4.504405421467614801e+00 5.503802072365679976e+00 6.403848099499953150e+00 7.049485866940032430e+00 8.125906877938723127e+00 1.045907808518234283e+01 1.370342666188658143e+01
-1.385308434377714271e+01 -1.053309022317439947e+01 -8.112605181468909521e+00 -6.896710218764150468e+00 -6.296012611565144468e+00 -5.411380546607732711e+00 -4.432362188864290786e+00 -3.380581914145727396e+00 -2.279344028241558462e+00 -1.147163879690181076e+00 -1.776356839400250465e-15 1.147163879690188182e+00 2.279344028241570896e+00 3.380581914145739830e+00 4.432362188864297892e+00 5.411380546607752251e+00 6.296012611565156902e+00 6.896710218764159350e+00 8.112605181468914850e+00 1.053309022317441901e+01 1.385308434377714448e+01
-1.400548461076182782e+01 -1.061129035504424856e+01 -8.108007956811652761e+00 -6.751568386080135653e+00 -6.184095719313260631e+00 -5.316388918426502741e+00 -4.358621140136635930e+00 -3.325832170634493323e+00 -2.243051436303973745e+00 -1.129071434872003010e+00 -3.552713678800500929e-15 1.129071434872004787e+00 2.243051436303982626e+00 3.325832170634498652e+00 4.358621140136637706e+00 5.316388918426520505e+00 6.184095719313273065e+00 6.751568386080139206e+00 8.108007956811656314e+00 1.061129035504427165e+01 1.400548461076184026e+01
-1.416049026388340160e+01 -1.069342177164528529e+01 -8.111107391685449031e+00 -6.617982558272670346e+00 -6.065677766333879006e+00 -5.218892431365441453e+00 -4.283145609704506640e+00 -3.269768140171040116e+00 -2.205891770394957874e+00 -1.110547323099675410e+00 0.000000000000000000e+00 1.110547323099670081e+00 2.205891770394966755e+00 3.269768140171048998e+00 4.283145609704506640e+00 5.218892431365457441e+00 6.065677766333886112e+00 6.617982558272676563e+00 8.111107391685447254e+00 1.069342177164530661e+01 1.416049026388341403e+01
-1.431797398486427575e+01 -1.077925343516981549e+01 -8.121109592774859109e+00 -6.499396429788200535e+00 -5.938484060383705909e+00 -5.119066812034427372e+00 -4.205886396927327908e+00 -3.212350096464176019e+00 -2.167840562626134115e+00 -1.091579308681591698e+00 8.881784197001252323e-15 1.091579308681600580e+00 2.167840562626148326e+00 3.212350096464190230e+00 4.205886396927338566e+00 5.119066812034450464e+00 5.938484060383720120e+00 6.499396429788212970e+00 8.121109592774857333e+00 1.077925343516984569e+01 1.431797398486428818e+01
-1.447781737377617794e+01 -1.086857619259247620e+01 -8.137373376893931365e+00 -6.397750594411599323e+00 -5.801497468596808815e+00 -5.017184045224228228e+00 -4.126774740208540848e+00 -3.153535889102341727e+00 -2.128871888842811089e+00 -1.072154369923621786e+00 3.552713678800500929e-15 1.072154369923625339e+00 2.128871888842827076e+00 3.153535889102350609e+00 4.126774740208549730e+00 5.017184045224245992e+00 5.801497468596817697e+00 6.397750594411609981e+00 8.137373376893933141e+00 1.086857619259250640e+01 1.447781737377619038e+01
-1.463991010809941606e+01 -1.096119973835842210e+01 -8.159369005088541016e+00 -6.312990196227756812e+00 -5.655548611867606823e+00 -4.913566253536250983e+00 -4.045716362050635340e+00 -3.093281446180407457e+00 -2.088958159181528274e+00 -1.052258588163370590e+00 5.329070518200751394e-15 1.052258588163372366e+00 2.088958159181535379e+00 3.093281446180411010e+00 4.045716362050640669e+00 4.913566253536265194e+00 5.655548611867613928e+00 6.312990196227765693e+00 8.159369005088553450e+00 1.096119973835845940e+01 1.463991010809942672e+01
-1.480414920408287749e+01 -1.105695014256519038e+01 -8.186650188639022829e+00 -6.243598354862827549e+00 -5.502899855630461801e+00 -4.808502405715811889e+00 -3.962589126768998327e+00 -3.031541505220003430e+00 -2.048069842194854218e+00 -1.031877022347538642e+00 7.105427357601001859e-15 1.031877022347543971e+00 2.048069842194866652e+00 3.031541505220012311e+00 3.962589126769012537e+00 4.808502405715827877e+00 5.502899855630476011e+00 6.243598354862829325e+00 8.186650188639021053e+00 1.105695014256522057e+01 1.480414920408290236e+01
-1.497043836492552238e+01 -1.115566781366751492e+01 -8.218834731737752364e+00 -6.187541483983869384e+00 -5.346445344346003381e+00 -4.702121428575173567e+00 -3.877247397344328661e+00 -2.968270366577213437e+00 -2.006175101185819543e+00 -1.010993567907538804e+00 8.881784197001252323e-15 1.010993567907542356e+00 2.006175101185833753e+00 2.968270366577222319e+00 3.877247397344342872e+00 4.702121428575187778e+00 5.346445344346015816e+00 6.187541483983867607e+00 8.218834731737754140e+00 1.115566781366755045e+01 1.497043836492553304e+01
-1.513868740311475314e+01 -1.125720580042480456e+01 -8.255590821872273111e+00 -6.142905013481131604e+00 -5.189255605132986560e+00 -4.594215345720085608e+00 -3.789535940677934533e+00 -2.903422294922000546e+00 -1.963239327959295011e+00 -9.895907989575594144e-01 8.881784197001252323e-15 9.895907989575665198e-01 1.963239327959303893e+00 2.903422294922005875e+00 3.789535940677954073e+00 4.594215345720103372e+00 5.189255605132997218e+00 6.142905013481147591e+00 8.255590821872274887e+00 1.125720580042483299e+01 1.513868740311477268e+01
-1.530881172647647581e+01 -1.136142836248721899e+01 -8.296627076348920937e+00 -6.108113553975668353e+00 -5.034565213991877286e+00 -4.484021241176796124e+00 -3.699314592755841957e+00 -2.836951026169719725e+00 -1.919224574503269665e+00 -9.676497927442273550e-01 1.243449787580175325e-14 9.676497927442362368e-01 1.919224574503285652e+00 2.836951026169726831e+00 3.699314592755859721e+00 4.484021241176810335e+00 5.034565213991889721e+00 6.108113553975680787e+00 8.296627076348915608e+00 1.136142836248724564e+01 1.530881172647648292e+01
-1.548073187925589878e+01 -1.146820975642896911e+01 -8.341685142283584042e+00 -6.081929595031080993e+00 -4.885942411772312255e+00 -4.370033188746816677e+00 -3.606491490632826924e+00 -2.768807726042442852e+00 -1.874088908558000810e+00 -9.451499343187421687e-01 1.243449787580175325e-14 9.451499343187439450e-01 1.874088908558006139e+00 2.768807726042444628e+00 3.606491490632842911e+00 4.370033188746827335e+00 4.885942411772321137e+00 6.081929595031080993e+00 8.341685142283587595e+00 1.146820975642899398e+01 1.548073187925591832e+01
-1.565437313096727578e+01 -1.157743319655124381e+01 -8.390534073507510016e+00 -6.063385859102602637e+00 -4.747282243820873049e+00 -4.250055807179645484e+00 -3.511057947539118373e+00 -2.698936776071906962e+00 -1.827785753353708742e+00 -9.220686968837945585e-01 8.881784197001252323e-15 9.220686968837998876e-01 1.827785753353712295e+00 2.698936776071908739e+00 3.511057947539139690e+00 4.250055807179654366e+00 4.747282243820883707e+00 6.063385859102602637e+00 8.390534073507513568e+00 1.157743319655128289e+01 1.565437313096729710e+01
-1.582966510689698225e+01 -1.168898995892385173e+01 -8.442965972747288106e+00 -6.051716214776217129e+00 -4.622254676513779970e+00 -4.121815452206050168e+00 -3.413113456043983973e+00 -2.627269044960915068e+00 -1.780263308768351038e+00 -8.983813883462019589e-01 7.105427357601001859e-15 8.983813883462055117e-01 1.780263308768352815e+00 2.627269044960911515e+00 3.413113456043994631e+00 4.121815452206060826e+00 4.622254676513779970e+00 6.051716214776211800e+00 8.442965972747296988e+00 1.168898995892388015e+01 1.582966510689700002e+01
-1.600654145508175219e+01 -1.180277860392176237e+01 -8.498792554522573539e+00 -6.046301844362975686e+00 -4.513242875840209223e+00 -3.984091489021782451e+00 -3.312866499303119383e+00 -2.553712972459802444e+00 -1.731464176684607281e+00 -8.740608464652055432e-01 1.421085471520200372e-14 8.740608464652215304e-01 1.731464176684619716e+00 2.553712972459814878e+00 3.312866499303146028e+00 3.984091489021796662e+00 4.513242875840225210e+00 6.046301844362982791e+00 8.498792554522573539e+00 1.180277860392181033e+01 1.600654145508177351e+01
-1.618493954535230372e+01 -1.191870429762156292e+01 -8.557842391587538344e+00 -6.046632679009913858e+00 -4.420627258620505984e+00 -3.837526045322839252e+00 -3.210595887488128852e+00 -2.478144981348609832e+00 -1.681325302621054618e+00 -8.490770531941578270e-01 1.065814103640150279e-14 8.490770531941720378e-01 1.681325302621058171e+00 2.478144981348613385e+00 3.210595887488146616e+00 3.837526045322846358e+00 4.420627258620511313e+00 6.046632679009913858e+00 8.557842391587534792e+00 1.191870429762159489e+01 1.618493954535232149e+01
-1.636480019666873176e+01 -1.203667821631461265e+01 -8.619958678188975654e+00 -6.052280389568025498e+00 -4.343161401415571277e+00 -3.684383815126974326e+00 -3.106555712890983756e+00 -2.400402481925524967e+00 -1.629778262097147490e+00 -8.233966239438572643e-01 1.421085471520200372e-14 8.233966239438803569e-01 1.629778262097159924e+00 2.400402481925535625e+00 3.106555712891008625e+00 3.684383815126992090e+00 4.343161401415587264e+00 6.052280389568013064e+00 8.619958678188975654e+00 1.203667821631465529e+01 1.636480019666872820e+01
-1.654606742950328524e+01 -1.215661702139802003e+01 -8.684997390598230282e+00 -6.062879405076216699e+00 -4.278945001130942671e+00 -3.527777343769503915e+00 -3.000802017492908647e+00 -2.320284775218471651e+00 -1.576749718568933645e+00 -7.969821120738380671e-01 7.105427357601001859e-15 7.969821120738558307e-01 1.576749718568940750e+00 2.320284775218480533e+00 3.000802017492921081e+00 3.527777343769519902e+00 4.278945001130946224e+00 6.062879405076216699e+00 8.684997390598233835e+00 1.215661702139804490e+01 1.654606742950328879e+01
-1.672868824046912906e+01 -1.227844239424310757e+01 -8.752825757624268732e+00 -6.078113370390401116e+00 -4.226139046206480288e+00 -3.371233835446805216e+00 -2.892916736425355850e+00 -2.237568550396524358e+00 -1.522161519390557771e+00 -7.697910586207044048e-01 1.065814103640150279e-14 7.697910586207310502e-01 1.522161519390575535e+00 2.237568550396542122e+00 2.892916736425375390e+00 3.371233835446822980e+00 4.226139046206496275e+00 6.078113370390381576e+00 8.752825757624270508e+00 1.227844239424315909e+01 1.672868824046915037e+01
-1.691261239676541095e+01 -1.240208062248593279e+01 -8.823320976284275474e+00 -6.097705291898726898e+00 -4.183227150161524577e+00 -3.218783974273630832e+00 -2.781642141011971603e+00 -2.152043483802476231e+00 -1.465929368951645273e+00 -7.417747220493779992e-01 3.552713678800500929e-15 7.417747220493957627e-01 1.465929368951663037e+00 2.152043483802488666e+00 2.781642141011976932e+00 3.218783974273641491e+00 4.183227150161533459e+00 6.097705291898718016e+00 8.823320976284280803e+00 1.240208062248598075e+01 1.691261239676542161e+01
-1.709779224832449884e+01 -1.252746223064672648e+01 -8.896369123747462027e+00 -6.121410215751325268e+00 -4.149024422061582840e+00 -3.075177509139635390e+00 -2.664623611694402427e+00 -2.063567207090958533e+00 -1.407958400262721455e+00 -7.128764568621299702e-01 3.552713678800500929e-15 7.128764568621548392e-01 1.407958400262732113e+00 2.063567207090979849e+00 2.664623611694411309e+00 3.075177509139646048e+00 4.149024422061579287e+00 6.121410215751314610e+00 8.896369123747474461e+00 1.252746223064675846e+01 1.709779224832450595e+01
-1.728418255581468088e+01 -1.265452164916071354e+01 -8.971864228165237876e+00 -6.149009676490965859e+00 -4.122610409364302342e+00 -2.945475802582095071e+00 -2.538850584275813560e+00 -1.972126378190075968e+00 -1.348133507799580855e+00 -6.830297880060953730e-01 3.552713678800500929e-15 6.830297880061166893e-01 1.348133507799595066e+00 1.972126378190102614e+00 2.538850584275822442e+00 2.945475802582103952e+00 4.122610409364298789e+00 6.149009676490949872e+00 8.971864228165241428e+00 1.265452164916075262e+01 1.728418255581469509e+01
-1.747174033287923933e+01 -1.278319691684963288e+01 -9.049707469424205897e+00 -6.180307407987392310e+00 -4.103259780538664359e+00 -2.833468211935898040e+00 -2.402308209266038830e+00 -1.877873608200605560e+00 -1.286302577976073280e+00 -6.521563529403309190e-01 0.000000000000000000e+00 6.521563529403486825e-01 1.286302577976091044e+00 1.877873608200632205e+00 2.402308209266044159e+00 2.833468211935896264e+00 4.103259780538662582e+00 6.180307407987378099e+00 9.049707469424195239e+00 1.278319691684967907e+01 1.747174033287924999e+01
-1.766042470118864571e+01 -1.291342941263522093e+01 -9.129806487117892999e+00 -6.215125972380281638e+00 -4.090388977057568098e+00 -2.740085538878226146e+00 -2.255698116008513665e+00 -1.781091073483100473e+00 -1.222252871690230336e+00 -6.201640144280524680e-01 0.000000000000000000e+00 6.201640144280666789e-01 1.222252871690248099e+00 1.781091073483128895e+00 2.255698116008520770e+00 2.740085538878235027e+00 4.090388977057568098e+00 6.215125972380256769e+00 9.129806487117898328e+00 1.291342941263526711e+01 1.766042470118866348e+01
-1.785019675705083841e+01 -1.304516361292845872e+01 -9.212074777746423138e+00 -6.253304069383268882e+00 -4.083518553063939294e+00 -2.663772501400448078e+00 -2.102337728249903392e+00 -1.682004982739830012e+00 -1.155686552811989287e+00 -5.869454362807005054e-01 0.000000000000000000e+00 5.869454362807076109e-01 1.155686552811999945e+00 1.682004982739858434e+00 2.102337728249915827e+00 2.663772501400456960e+00 4.083518553063932188e+00 6.253304069383247565e+00 9.212074777746432019e+00 1.304516361292849425e+01 1.785019675705084907e+01
-1.804101944846911110e+01 -1.317834687164972252e+01 -9.296431166745701802e+00 -6.294694358779665322e+00 -4.082247122628263725e+00 -2.602129446234314969e+00 -1.947043196038890756e+00 -1.580325121358043816e+00 -1.086212376582444961e+00 -5.523768942486455558e-01 1.065814103640150279e-14 5.523768942486633193e-01 1.086212376582473382e+00 1.580325121358075791e+00 1.947043196038908519e+00 2.602129446234330956e+00 4.082247122628260172e+00 6.294694358779649335e+00 9.296431166745703578e+00 1.317834687164978291e+01 1.804101944846912176e+01
-1.823285746166342136e+01 -1.331292922026796433e+01 -9.382799343717287854e+00 -6.339161676326209971e+00 -4.086233212488849631e+00 -2.552999562203439154e+00 -1.795947719074515447e+00 -1.474359376925455933e+00 -1.013384594209433942e+00 -5.163153363182964029e-01 1.065814103640150279e-14 5.163153363183070610e-01 1.013384594209455258e+00 1.474359376925480802e+00 1.795947719074536764e+00 2.552999562203446260e+00 4.086233212488837196e+00 6.339161676326201089e+00 9.382799343717300289e+00 1.331292922026802117e+01 1.823285746166342491e+01
-1.842567711617956050e+01 -1.344886318560758554e+01 -9.471107451386707510e+00 -6.386581555721804193e+00 -4.095182389410897628e+00 -2.514733690199829397e+00 -1.657167692510249424e+00 -1.360039386244288551e+00 -9.368222908446242059e-01 -4.785875766035800893e-01 1.421085471520200372e-14 4.785875766036014056e-01 9.368222908446561803e-01 1.360039386244313420e+00 1.657167692510284951e+00 2.514733690199854266e+00 4.095182389410886969e+00 6.386581555721782877e+00 9.471107451386711062e+00 1.344886318560763172e+01 1.842567711617956761e+01
-1.861944626780636014e+01 -1.358610362347570799e+01 -9.561287720513906407e+00 -6.436838991904476615e+00 -4.108837925548428416e+00 -2.486115208206001626e+00 -1.539536022794159464e+00 -1.232190624058073780e+00 -8.563975264471181958e-01 -4.389580624599211944e-01 1.421085471520200372e-14 4.389580624599282999e-01 8.563975264471359594e-01 1.232190624058077333e+00 1.539536022794180781e+00 2.486115208206008731e+00 4.108837925548426639e+00 6.436838991904444640e+00 9.561287720513917066e+00 1.358610362347575418e+01 1.861944626780635303e+01
-1.881413421860379032e+01 -1.372460756641712010e+01 -9.653276144326184749e+00 -6.489827396967069006e+00 -4.126973876789890028e+00 -2.466235648137143244e+00 -1.447425188013522046e+00 -1.089923826366224091e+00 -7.723388534391375515e-01 -3.970534127888605269e-01 1.065814103640150279e-14 3.970534127888747378e-01 7.723388534391624205e-01 1.089923826366227644e+00 1.447425188013543362e+00 2.466235648137175218e+00 4.126973876789886475e+00 6.489827396967047690e+00 9.653276144326197183e+00 1.372460756641716983e+01 1.881413421860379742e+01
-1.900971163341856496e+01 -1.386433408412105805e+01 -9.747012187120056126e+00 -6.545447711528630919e+00 -4.149389841928417866e+00 -2.454398953515784854e+00 -1.378830012578507791e+00 -9.394379560910870453e-01 -6.847507621263524413e-01 -3.522313606753115778e-01 1.421085471520200372e-14 3.522313606753328941e-01 6.847507621263773103e-01 9.394379560910941507e-01 1.378830012578529107e+00 2.454398953515816828e+00 4.149389841928394773e+00 6.545447711528613155e+00 9.747012187120059679e+00 1.386433408412111490e+01 1.900971163341857206e+01
-1.920615046232695988e+01 -1.400524415518821542e+01 -9.842438522547322322e+00 -6.603607642844515624e+00 -4.175906918891811870e+00 -2.450058100680159612e+00 -1.329715650132541782e+00 -7.926265514814438973e-01 -5.911251919591720139e-01 -3.034748035955061596e-01 7.105427357601001859e-15 3.034748035955203704e-01 5.911251919591826720e-01 7.926265514814474500e-01 1.329715650132538229e+00 2.450058100680184481e+00 4.175906918891802988e+00 6.603607642844492531e+00 9.842438522547332980e+00 1.400524415518827936e+01 1.920615046232696699e+01
-1.940342386850231904e+01 -1.414730054912373092e+01 -9.939500797806260834e+00 -6.664221007203899205e+00 -4.206364532068150197e+00 -2.452774292523162813e+00 -1.296948689446931979e+00 -6.697378213672209313e-01 -4.810985336283408742e-01 -2.496650783671299223e-01 1.065814103640150279e-14 2.496650783671761076e-01 4.810985336283621905e-01 6.697378213672600111e-01 1.296948689446924874e+00 2.452774292523201893e+00 4.206364532068137763e+00 6.664221007203879665e+00 9.939500797806287480e+00 1.414730054912378776e+01 1.940342386850231549e+01
-1.960150616105374510e+01 -1.429046771755691836e+01 -1.003814742053493703e+01 -6.727207158871763681e+00 -4.240617906468724385e+00 -2.462190336755593734e+00 -1.278514415550223049e+00 -5.895832268183589520e-01 -3.465656070453633220e-01 -1.905175626774813225e-01 3.552713678800500929e-15 1.905175626775168496e-01 3.465656070453739801e-01 5.895832268183944791e-01 1.278514415550205285e+00 2.462190336755625708e+00 4.240617906468708398e+00 6.727207158871737036e+00 1.003814742053495301e+01 1.429046771755697343e+01 1.960150616105373800e+01
-1.980037273242727025e+01 -1.443471169380522667e+01 -1.013832936567909115e+01 -6.792490491414035603e+00 -4.278536031264820849e+00 -2.478012838386074890e+00 -1.273135619022678355e+00 -5.490203193789149338e-01 -2.126709908985731090e-01 -1.209958958315162647e-01 1.065814103640150279e-14 1.209958958315198174e-01 2.126709908985944253e-01 5.490203193789611191e-01 1.273135619022653486e+00 2.478012838386124628e+00 4.278536031264799533e+00 6.792490491414021392e+00 1.013832936567908760e+01 1.443471169380526931e+01 1.980037273242727736e+01
-2.000000000000000000e+01 -1.458000000000000185e+01 -1.024000000000000199e+01 -6.860000000000001208e+00 -4.320000000000002061e+00 -2.500000000000000000e+00 -1.280000000000000249e+00 -5.400000000000002576e-01 -1.600000000000000311e-01 -2.000000000000000389e-02 0.000000000000000000e+00 2.000000000000000389e-02 1.600000000000000311e-01 5.400000000000002576e-01 1.280000000000000249e+00 2.500000000000000000e+00 4.320000000000002061e+00 6.860000000000001208e+00 1.024000000000000199e+01 1.458000000000000185e+01 2.000000000000000000e+01
