-3.999999999999989342e+00 -2.000000000000000888e+00 -2.000000000000000888e+00 -1.999999999999997558e+00 -1.999999999999993783e+00 -4.672917017843163523e-15 -3.156583710941321125e-16 -1.016103875140703377e-16 2.220446049250313081e-15 2.664535259100375697e-15 6.562067091254736404e-15 1.999999999999998668e+00 1.999999999999999334e+00 2.000000000000000444e+00 2.000000000000003109e+00 4.000000000000000000e+00
-3.960071817497031077e+00 -1.980260781504716405e+00 -1.980000394570668565e+00 -1.980000394570668121e+00 -1.980000394570666788e+00 -1.652382772407128229e-16 -7.590861471079731852e-17 2.664535259100375697e-15 3.108624468950438313e-15 3.330669073875469621e-15 3.552713678800500929e-15 1.980000394570667011e+00 1.980000394570667455e+00 1.980000394570667455e+00 1.980260781504723511e+00 3.960071817497039959e+00
-3.920290271417443684e+00 -1.961053400045403627e+00 -1.960001594387104973e+00 -1.960001594387097645e+00 -1.960001594387097423e+00 -3.363585695857724005e-15 -1.544935885201954866e-15 -1.169216759415001940e-16 1.542182306750015466e-16 2.220446049250313081e-15 4.478110975010105633e-15 1.960001594387106749e+00 1.960001594387107193e+00 1.960001594387108526e+00 1.961053400045412731e+00 3.920290271417453898e+00
-3.880660117518702990e+00 -1.942393141153361924e+00 -1.940003624352285350e+00 -1.940003624352284461e+00 -1.940003624352283129e+00 -5.108341637664672147e-15 -1.547227790996135343e-16 -8.262262898461950445e-17 2.664535259100375697e-15 3.108624468950438313e-15 6.834414491523414789e-15 1.940003624352283795e+00 1.940003624352284017e+00 1.940003624352284683e+00 1.942393141153369251e+00 3.880660117518713648e+00
-3.841186476690751306e+00 -1.924295053074757789e+00 -1.920006510405631195e+00 -1.920006510405630085e+00 -1.920006510405626754e+00 -5.201518710720672161e-15 1.717793838930839573e-17 1.285388335927433663e-16 2.664535259100375697e-15 3.996802888650563546e-15 5.731289810667156357e-15 1.920006510405628752e+00 1.920006510405629196e+00 1.920006510405629419e+00 1.924295053074767337e+00 3.841186476690761520e+00
-3.801874871876893991e+00 -1.906773851585700896e+00 -1.900010279577454497e+00 -1.900010279577451833e+00 -1.900010279577451833e+00 -2.211905872137810921e-16 5.465713352000770348e-17 1.554312234475219157e-15 2.220446049250313081e-15 2.220446049250313081e-15 3.552713678800500929e-15 1.900010279577455163e+00 1.900010279577455607e+00 1.900010279577455607e+00 1.906773851585707558e+00 3.801874871876902429e+00
-3.762731269242507892e+00 -1.889843815098108948e+00 -1.880014960046861638e+00 -1.880014960046860750e+00 -1.880014960046860084e+00 -5.110235124295877820e-15 1.597890304719042418e-17 3.523948520738262105e-17 1.776356839400250465e-15 2.664535259100375697e-15 6.321671672272874448e-15 1.880014960046860750e+00 1.880014960046860750e+00 1.880014960046861194e+00 1.889843815098116941e+00 3.762731269242517218e+00
-3.723762124131813955e+00 -1.873518669611070386e+00 -1.860020581203336798e+00 -1.860020581203335244e+00 -1.860020581203333911e+00 -6.057755181865959090e-17 4.291438999031850320e-17 3.179080930128574279e-16 2.250615173071484718e-15 3.330669073875469621e-15 3.552713678800500929e-15 1.860020581203336576e+00 1.860020581203336798e+00 1.860020581203336798e+00 1.873518669611077714e+00 3.723762124131822837e+00
-3.684974432425405233e+00 -1.857811463085255355e+00 -1.840027173712388109e+00 -1.840027173712386332e+00 -1.840027173712385888e+00 -1.820584566716549309e-16 -1.614167915717528491e-16 1.332267629550187849e-15 1.332267629550187849e-15 1.776356839400250465e-15 2.886579864025407005e-15 1.840027173712388331e+00 1.840027173712388553e+00 1.840027173712388553e+00 1.857811463085261350e+00 3.684974432425415447e+00
-3.646375787993162199e+00 -1.842734428841319883e+00 -1.820034769585460621e+00 -1.820034769585459511e+00 -1.820034769585458623e+00 -5.130682021623089606e-15 1.766910236430034731e-16 2.871306657462953238e-16 1.110223024625156540e-15 3.552713678800500929e-15 5.802985559669459454e-15 1.820034769585459289e+00 1.820034769585459955e+00 1.820034769585460843e+00 1.842734428841327210e+00 3.646375787993173745e+00
-3.607974447029217657e+00 -1.828298837603996141e+00 -1.800043402254511093e+00 -1.800043402254510649e+00 -1.800043402254507097e+00 -1.332267629550187849e-15 -2.220446049250313081e-16 -1.734723475976807094e-17 1.776356839400250465e-15 2.664535259100375697e-15 3.552713678800500929e-15 1.800043402254512204e+00 1.800043402254512204e+00 1.800043402254512426e+00 1.828298837604004357e+00 3.607974447029226095e+00
-3.569779400158716420e+00 -1.814514837829216631e+00 -1.780053106651596551e+00 -1.780053106651595662e+00 -1.780053106651593886e+00 -1.326786296221623920e-16 -1.240604448224050826e-16 1.776356839400250465e-15 2.442490654175344389e-15 3.108624468950438313e-15 3.108624468950438313e-15 1.780053106651595218e+00 1.780053106651596551e+00 1.780053106651596551e+00 1.814514837829223293e+00 3.569779400158726190e+00
-3.531800453320801392e+00 -1.801391283958847733e+00 -1.760063919293839874e+00 -1.760063919293839430e+00 -1.760063919293836321e+00 -2.220446049250313081e-16 0.000000000000000000e+00 0.000000000000000000e+00 1.332267629550187849e-15 1.776356839400250465e-15 1.998401444325281773e-15 1.760063919293841872e+00 1.760063919293841872e+00 1.760063919293842094e+00 1.801391283958855505e+00 3.531800453320809385e+00
-3.494048318558486965e+00 -1.788935552242878924e+00 -1.740075878374273355e+00 -1.740075878374272911e+00 -1.740075878374270246e+00 -4.707002256464903414e-16 -1.676780135129746693e-16 1.554312234475219157e-15 2.220446049250313081e-15 2.220446049250313081e-15 3.108624468950438313e-15 1.740075878374273799e+00 1.740075878374273799e+00 1.740075878374274243e+00 1.788935552242886029e+00 3.494048318558495403e+00
-3.456534715983943240e+00 -1.777153343748850478e+00 -1.720089023858940358e+00 -1.720089023858940136e+00 -1.720089023858938582e+00 -3.283438995976085353e-15 8.576472865229338811e-17 2.264854970235319382e-16 1.776356839400250465e-15 2.664535259100375697e-15 5.515923223417982955e-15 1.720089023858939248e+00 1.720089023858939692e+00 1.720089023858940136e+00 1.777153343748857806e+00 3.456534715983952566e+00
-3.419272488335302729e+00 -1.766048474140289759e+00 -1.700103397590864152e+00 -1.700103397590864152e+00 -1.700103397590861265e+00 -4.678806750096202957e-15 -2.213343750301281909e-16 1.433583218509102911e-16 8.881784197001252323e-16 2.886579864025407005e-15 5.740552642061878175e-15 1.700103397590863930e+00 1.700103397590864152e+00 1.700103397590864596e+00 1.766048474140294866e+00 3.419272488335310278e+00
-3.382275729696275324e+00 -1.755622649747793584e+00 -1.680119043401389067e+00 -1.680119043401388623e+00 -1.680119043401388623e+00 -1.036140127945205423e-16 1.660640579296856223e-16 2.220446049250313081e-15 2.442490654175344389e-15 2.886579864025407005e-15 3.108624468950438313e-15 1.680119043401388845e+00 1.680119043401389289e+00 1.680119043401389511e+00 1.755622649747798469e+00 3.382275729696282873e+00
-3.345559930107511182e+00 -1.745875229378933913e+00 -1.660136007229527699e+00 -1.660136007229527255e+00 -1.660136007229521482e+00 -2.220446049250313081e-16 1.665334536937734811e-16 2.220446049250313081e-16 1.776356839400250465e-15 2.220446049250313081e-15 2.886579864025407005e-15 1.660136007229527699e+00 1.660136007229527699e+00 1.660136007229527921e+00 1.745875229378941018e+00 3.345559930107520508e+00
-3.309142137951287754e+00 -1.736802971218993630e+00 -1.640154337250004701e+00 -1.640154337250003369e+00 -1.640154337250002925e+00 -1.069957906903140535e-16 -4.045570476771458651e-17 1.998401444325281773e-15 1.998401444325281773e-15 2.664535259100375697e-15 2.886579864025407005e-15 1.640154337250004257e+00 1.640154337250004257e+00 1.640154337250004479e+00 1.736802971218998071e+00 3.309142137951295304e+00
-3.273041142126944969e+00 -1.728399764072036326e+00 -1.620174084010727711e+00 -1.620174084010726379e+00 -1.620174084010722826e+00 -8.478508437509401324e-17 2.927393314383618622e-17 2.220446049250313081e-16 1.332267629550187849e-15 2.664535259100375697e-15 2.664535259100375697e-15 1.620174084010727267e+00 1.620174084010727711e+00 1.620174084010727711e+00 1.728399764072042988e+00 3.273041142126953851e+00
-3.237277676136050886e+00 -1.720656342094811109e+00 -1.600195300580526059e+00 -1.600195300580524949e+00 -1.600195300580520286e+00 -3.197896756959450764e-15 -1.597083630741382569e-15 -1.136245773466619070e-16 4.250091483161281618e-17 2.220446049250313081e-15 4.049580277278583481e-15 1.600195300580525837e+00 1.600195300580526281e+00 1.600195300580526947e+00 1.720656342094817104e+00 3.237277676136060212e+00
-3.201874646237730104e+00 -1.713559982107407897e+00 -1.580218042708028570e+00 -1.580218042708028126e+00 -1.580218042708027681e+00 -2.220446049250313081e-16 4.163336342344337027e-17 2.220446049250313081e-16 8.881784197001252323e-16 1.776356839400250465e-15 2.220446049250313081e-15 1.580218042708030790e+00 1.580218042708030790e+00 1.580218042708031234e+00 1.713559982107415225e+00 3.201874646237738542e+00
-3.166857385780239120e+00 -1.707094182559674600e+00 -1.560242368992715623e+00 -1.560242368992714734e+00 -1.560242368992714290e+00 7.194616071486571954e-17 2.086453615243828773e-16 1.776356839400250465e-15 1.776356839400250465e-15 2.664535259100375697e-15 2.664535259100375697e-15 1.560242368992715178e+00 1.560242368992715400e+00 1.560242368992715623e+00 1.707094182559680151e+00 3.166857385780247558e+00
-3.132253937613620476e+00 -1.701238323340947378e+00 -1.540268341069178870e+00 -1.540268341069177538e+00 -1.540268341069174873e+00 -1.249000902703301108e-16 4.510281037539698445e-17 8.881784197001252323e-16 1.776356839400250465e-15 1.776356839400250465e-15 3.108624468950438313e-15 1.540268341069178204e+00 1.540268341069179092e+00 1.540268341069179092e+00 1.701238323340951597e+00 3.132253937613627137e+00
-3.098095366071250023e+00 -1.695967305913589573e+00 -1.520296023805891128e+00 -1.520296023805890240e+00 -1.520296023805888908e+00 2.639788300630412431e-17 1.170420644135281123e-16 1.554312234475219157e-15 1.776356839400250465e-15 2.220446049250313081e-15 2.664535259100375697e-15 1.520296023805890018e+00 1.520296023805890240e+00 1.520296023805890240e+00 1.695967305913592904e+00 3.098095366071256684e+00
-3.064416099282523565e+00 -1.691251173823101528e+00 -1.500325485519726998e+00 -1.500325485519724333e+00 -1.500325485519724111e+00 -4.018836421352694006e-15 -1.188392075051745026e-16 1.801521109086506105e-16 1.332267629550187849e-15 1.332267629550187849e-15 4.953680404672492946e-15 1.500325485519725000e+00 1.500325485519725222e+00 1.500325485519725666e+00 1.691251173823107079e+00 3.064416099282532002e+00
-3.031254301422828590e+00 -1.687054714615250361e+00 -1.480356798207782987e+00 -1.480356798207779878e+00 -1.480356798207779434e+00 -7.259150545626024861e-17 0.000000000000000000e+00 1.558582323031469152e-16 1.110223024625156540e-15 1.332267629550187849e-15 2.220446049250313081e-15 1.480356798207782765e+00 1.480356798207782765e+00 1.480356798207782987e+00 1.687054714615255246e+00 3.031254301422835695e+00
-2.998652272765075288e+00 -1.683337045734096371e+00 -1.460390037798121821e+00 -1.460390037798121377e+00 -1.460390037798121377e+00 1.244215458631642821e-17 1.531342102931250996e-17 1.776356839400250465e-15 1.998401444325281773e-15 2.442490654175344389e-15 2.664535259100375697e-15 1.460390037798121377e+00 1.460390037798122043e+00 1.460390037798122265e+00 1.683337045734101700e+00 2.998652272765081950e+00
-2.966656872877439177e+00 -1.680051189282339763e+00 -1.440425284421237073e+00 -1.440425284421236629e+00 -1.440425284421235297e+00 -1.221245327087671800e-16 3.885780586188048878e-17 1.332267629550187849e-15 1.776356839400250465e-15 1.998401444325281773e-15 2.664535259100375697e-15 1.440425284421235963e+00 1.440425284421236629e+00 1.440425284421236629e+00 1.680051189282342872e+00 2.966656872877446283e+00
-2.935319958788542127e+00 -1.677143643829467567e+00 -1.420462622704306010e+00 -1.420462622704304234e+00 -1.420462622704303790e+00 -7.795725371594175883e-17 -5.041228350634199697e-17 1.332267629550187849e-15 1.332267629550187849e-15 1.776356839400250465e-15 2.664535259100375697e-15 1.420462622704307121e+00 1.420462622704307343e+00 1.420462622704307565e+00 1.677143643829472230e+00 2.935319958788547900e+00
-2.904698825166210252e+00 -1.674553966009454609e+00 -1.400502142090473745e+00 -1.400502142090471747e+00 -1.400502142090470192e+00 -7.242864642769522089e-16 -5.898059818321144121e-17 5.551115123125782702e-17 1.776356839400250465e-15 1.998401444325281773e-15 2.160998990564731712e-15 1.400502142090471525e+00 1.400502142090471747e+00 1.400502142090472191e+00 1.674553966009459938e+00 2.904698825166215581e+00
-2.874856627287233124e+00 -1.672214380706799730e+00 -1.380543937185629400e+00 -1.380543937185628955e+00 -1.380543937185628511e+00 -4.626297575741971308e-17 5.146714618535010971e-17 1.554312234475219157e-15 1.776356839400250465e-15 1.776356839400250465e-15 2.442490654175344389e-15 1.380543937185629622e+00 1.380543937185629622e+00 1.380543937185630066e+00 1.672214380706804615e+00 2.874856627287239341e+00
-2.845862759631631711e+00 -1.670049446376301816e+00 -1.360588108135595498e+00 -1.360588108135595498e+00 -1.360588108135594165e+00 1.296610831679015819e-17 9.805619414572548352e-17 1.998401444325281773e-15 2.220446049250313081e-15 2.220446049250313081e-15 2.442490654175344389e-15 1.360588108135595720e+00 1.360588108135595942e+00 1.360588108135596386e+00 1.670049446376305147e+00 2.845862759631637040e+00
-2.817793153285883090e+00 -1.667975811513808804e+00 -1.340634761036725298e+00 -1.340634761036723077e+00 -1.340634761036722633e+00 0.000000000000000000e+00 5.551115123125782702e-17 1.110223024625156540e-16 8.881784197001252323e-16 1.776356839400250465e-15 2.664535259100375697e-15 1.340634761036725742e+00 1.340634761036725742e+00 1.340634761036725742e+00 1.667975811513813023e+00 2.817793153285889751e+00
-2.790730444245173913e+00 -1.665902109237840989e+00 -1.320684008383533392e+00 -1.320684008383533392e+00 -1.320684008383531616e+00 -1.007915783448094291e-16 1.563027295760672314e-16 8.881784197001252323e-16 1.110223024625156540e-15 1.998401444325281773e-15 2.220446049250313081e-15 1.320684008383533836e+00 1.320684008383534058e+00 1.320684008383534058e+00 1.665902109237844098e+00 2.790730444245180575e+00
-2.764763952904419675e+00 -1.663729048619482676e+00 -1.300735969557236693e+00 -1.300735969557234473e+00 -1.300735969557234029e+00 -3.364393138217398838e-15 3.989863994746656317e-17 7.784571598445921836e-17 8.881784197001252323e-16 2.220446049250313081e-15 4.279586027952908035e-15 1.300735969557234251e+00 1.300735969557234695e+00 1.300735969557234917e+00 1.663729048619485562e+00 2.764763952904425004e+00
-2.739989403967900916e+00 -1.661349772366911726e+00 -1.280790771359632263e+00 -1.280790771359630487e+00 -1.280790771359630487e+00 3.375012301190379392e-17 1.327833306818697241e-16 1.554312234475219157e-15 1.776356839400250465e-15 1.998401444325281773e-15 2.442490654175344389e-15 1.280790771359631375e+00 1.280790771359631375e+00 1.280790771359631819e+00 1.661349772366914390e+00 2.739989403967906689e+00
-2.716508308056987175e+00 -1.658650558362829486e+00 -1.260848548597332641e+00 -1.260848548597331753e+00 -1.260848548597331753e+00 -1.245616076408712090e-16 4.129488079398446845e-17 1.998401444325281773e-15 1.998401444325281773e-15 2.664535259100375697e-15 3.108624468950438313e-15 1.260848548597332197e+00 1.260848548597332419e+00 1.260848548597332641e+00 1.658650558362833038e+00 2.716508308056992504e+00
-2.694426924853581706e+00 -1.655511943969003585e+00 -1.240909444721893795e+00 -1.240909444721893795e+00 -1.240909444721892463e+00 -1.855153201024657441e-16 -9.544212036999675975e-17 1.332267629550187849e-15 1.776356839400250465e-15 1.776356839400250465e-15 2.220446049250313081e-15 1.240909444721894239e+00 1.240909444721894239e+00 1.240909444721894683e+00 1.655511943969006694e+00 2.694426924853587924e+00
-2.673854736946124966e+00 -1.651810342687901390e+00 -1.220973612532227914e+00 -1.220973612532227026e+00 -1.220973612532227026e+00 -1.443289932012703552e-16 5.551115123125775307e-18 1.332267629550187849e-15 1.554312234475219157e-15 1.998401444325281773e-15 3.108624468950438313e-15 1.220973612532228136e+00 1.220973612532228358e+00 1.220973612532229247e+00 1.651810342687905164e+00 2.673854736946132071e+00
-2.654902388129559920e+00 -1.647420198220209908e+00 -1.201041214946431790e+00 -1.201041214946430458e+00 -1.201041214946430014e+00 -3.153412975673157449e-15 -1.189171217826823872e-16 -2.679965019936940875e-17 8.881784197001252323e-16 1.776356839400250465e-15 3.771557654988864955e-15 1.201041214946431124e+00 1.201041214946431346e+00 1.201041214946431568e+00 1.647420198220213461e+00 2.654902388129566582e+00
-2.637679083173756212e+00 -1.642216677752244891e+00 -1.181112425851154057e+00 -1.181112425851151393e+00 -1.181112425851146064e+00 -2.489342672914820781e-16 5.583356784576533804e-17 1.070628765544373564e-16 2.220446049250313081e-16 1.776356839400250465e-15 2.220446049250313081e-15 1.181112425851154724e+00 1.181112425851154724e+00 1.181112425851154946e+00 1.642216677752248000e+00 2.637679083173760652e+00
-2.622289508475831088e+00 -1.636078843985692810e+00 -1.161187431037728146e+00 -1.161187431037726370e+00 -1.161187431037719264e+00 -2.482829764400245816e-16 -1.638116982742249307e-16 2.220446049250313081e-16 4.214332251658454209e-16 1.554312234475219157e-15 2.664535259100375697e-15 1.161187431037728368e+00 1.161187431037728812e+00 1.161187431037729034e+00 1.636078843985695253e+00 2.622289508475834641e+00
-2.608830409936595096e+00 -1.628893168593332774e+00 -1.141266429235523017e+00 -1.141266429235521684e+00 -1.141266429235519908e+00 -1.505533586252409947e-16 4.646995006663261833e-17 6.661338147750939243e-16 8.881784197001252323e-16 1.554312234475219157e-15 1.776356839400250465e-15 1.141266429235522573e+00 1.141266429235522573e+00 1.141266429235523017e+00 1.628893168593337215e+00 2.608830409936598205e+00
-2.597387044752191620e+00 -1.620557169541837261e+00 -1.121349633254500322e+00 -1.121349633254498324e+00 -1.121349633254498102e+00 -1.420879800475291814e-15 -9.816045099305017409e-17 1.397938144164935444e-16 8.881784197001252323e-16 2.106768353766035783e-15 3.108624468950438313e-15 1.121349633254499212e+00 1.121349633254499878e+00 1.121349633254500100e+00 1.620557169541839926e+00 2.597387044752195617e+00
-2.588029790535591790e+00 -1.610982888115284783e+00 -1.101437271250616190e+00 -1.101437271250615080e+00 -1.101437271250613081e+00 -5.669978981545383318e-16 -2.775557561562891351e-16 1.387778780781445676e-17 1.341835303229809327e-15 1.998401444325281773e-15 2.664535259100375697e-15 1.101437271250614414e+00 1.101437271250614636e+00 1.101437271250614858e+00 1.610982888115287892e+00 2.588029790535597563e+00
-2.580811228697764026e+00 -1.600099888078088117e+00 -1.081529588129699349e+00 -1.081529588129699349e+00 -1.081529588129699349e+00 -1.104470573720362840e-16 2.718033052514955575e-17 1.332267629550187849e-15 1.332267629550187849e-15 2.220446049250313081e-15 2.220446049250313081e-15 1.081529588129700903e+00 1.081529588129700903e+00 1.081529588129701125e+00 1.600099888078090782e+00 2.580811228697768023e+00
-2.575764003341679764e+00 -1.587857475212815839e+00 -1.061626847107777216e+00 -1.061626847107775662e+00 -1.061626847107770999e+00 -3.542870651931706380e-15 -5.689373450079674372e-17 1.161242596888267396e-17 1.554312234475219157e-15 1.776356839400250465e-15 3.056492681166828229e-15 1.061626847107777438e+00 1.061626847107777438e+00 1.061626847107777882e+00 1.587857475212817615e+00 2.575764003341683761e+00
-2.572899686530182972e+00 -1.574225905978192674e+00 -1.041729331448433715e+00 -1.041729331448431939e+00 -1.041729331448431051e+00 3.094869493424108820e-17 3.150135020092393022e-17 4.440892098500626162e-16 1.110223024625156540e-15 1.776356839400250465e-15 2.220446049250313081e-15 1.041729331448433493e+00 1.041729331448433493e+00 1.041729331448433493e+00 1.574225905978195339e+00 2.572899686530186525e+00
-2.572208764953167748e+00 -1.559196469979992283e+00 -1.021837346401080371e+00 -1.021837346401079261e+00 -1.021837346401078594e+00 -3.115060180730067638e-15 -1.103570457347317569e-16 9.718780098729543612e-17 1.110223024625156540e-15 2.664535259100375697e-15 3.442507804373617229e-15 1.021837346401079483e+00 1.021837346401079483e+00 1.021837346401079705e+00 1.559196469979994726e+00 2.572208764953171745e+00
-2.573661724767553505e+00 -1.542780469304197322e+00 -1.001951221367587408e+00 -1.001951221367586964e+00 -1.001951221367586076e+00 -5.389544204781164701e-17 5.183545792008920091e-17 1.332267629550187849e-15 1.554312234475219157e-15 1.554312234475219157e-15 2.220446049250313081e-15 1.001951221367587408e+00 1.001951221367587408e+00 1.001951221367587630e+00 1.542780469304200430e+00 2.573661724767556169e+00
-2.577211080659268294e+00 -1.525007248581809360e+00 -9.820713123292008628e-01 -9.820713123291999747e-01 -9.820713123291999747e-01 -6.614621381753600062e-17 8.099978358058747300e-17 6.661338147750939243e-16 1.443289932012703503e-15 1.443289932012703503e-15 2.220446049250313081e-15 9.820713123292014179e-01 9.820713123292015290e-01 9.820713123292016400e-01 1.525007248581811803e+00 2.577211080659271847e+00
-2.582794098976644914e+00 -1.505921525940644212e+00 -9.621980045707843043e-01 -9.621980045707840823e-01 -9.621980045707840823e-01 -2.220446049250313081e-16 -2.775557561562891351e-17 1.443289932012703503e-15 1.554312234475219157e-15 1.665334536937734811e-15 2.220446049250313081e-15 9.621980045707846374e-01 9.621980045707847484e-01 9.621980045707848594e-01 1.505921525940647765e+00 2.582794098976647135e+00
-2.590335918779102187e+00 -1.485580321080888666e+00 -9.423317157455752824e-01 -9.423317157455746162e-01 -9.423317157455743942e-01 8.104304924759676947e-17 1.115790192216091127e-16 1.332267629550187849e-15 1.443289932012703503e-15 1.554312234475219157e-15 2.220446049250313081e-15 9.423317157455749493e-01 9.423317157455752824e-01 9.423317157455752824e-01 1.485580321080890664e+00 2.590335918779105739e+00
-2.599752779859454854e+00 -1.464049771562774716e+00 -9.224728993309230241e-01 -9.224728993309230241e-01 -9.224728993309230241e-01 -3.823356274576954751e-17 3.096635766275155826e-16 1.221245327087672194e-15 1.332267629550187849e-15 1.443289932012703503e-15 2.664535259100375697e-15 9.224728993309229130e-01 9.224728993309233571e-01 9.224728993309233571e-01 1.464049771562777824e+00 2.599752779859457963e+00
-2.610955112011124069e+00 -1.441402083238038312e+00 -9.026220485341561739e-01 -9.026220485341559518e-01 -9.026220485341552857e-01 -1.708035422500240926e-16 -1.110223024625156540e-16 -2.348548705937831428e-17 4.440892098500626162e-16 5.551115123125782702e-16 1.776356839400250465e-15 9.026220485341577282e-01 9.026220485341578392e-01 9.026220485341580613e-01 1.441402083238039866e+00 2.610955112011126733e+00
-2.623850307528186487e+00 -1.417712793087587908e+00 -8.827797007181351630e-01 -8.827797007181349409e-01 -8.827797007181336086e-01 -1.026956297778269603e-16 8.881784197001252816e-17 5.551115123125782702e-16 1.443289932012703503e-15 1.665334536937734811e-15 3.108624468950438313e-15 8.827797007181348299e-01 8.827797007181348299e-01 8.827797007181348299e-01 1.417712793087591461e+00 2.623850307528190928e+00
-2.638345071715380463e+00 -1.393058449978016533e+00 -8.629464424284966073e-01 -8.629464424284961632e-01 -8.629464424284943869e-01 -3.458997278758330664e-16 -1.328959901173121040e-16 2.220446049250313081e-16 7.416948492259637068e-16 1.443289932012703503e-15 2.664535259100375697e-15 8.629464424284969404e-01 8.629464424284971624e-01 8.629464424284972734e-01 1.393058449978018976e+00 2.638345071715380907e+00
-2.654347310998231624e+00 -1.367514754069014682e+00 -8.431229151197362492e-01 -8.431229151197355831e-01 -8.431229151197338068e-01 8.285632244034037346e-17 1.171942249762857474e-16 7.771561172376095783e-16 1.332267629550187849e-15 1.332267629550187849e-15 1.332267629550187849e-15 8.431229151197350280e-01 8.431229151197351390e-01 8.431229151197353611e-01 1.367514754069018235e+00 2.654347310998233844e+00
-2.671767567936677246e+00 -1.341155145917767300e+00 -8.233098216953321780e-01 -8.233098216953317339e-01 -8.233098216953312898e-01 -8.837075763214387101e-17 2.583736582778709170e-16 7.771561172376095783e-16 8.881784197001252323e-16 1.332267629550187849e-15 1.776356839400250465e-15 8.233098216953322890e-01 8.233098216953326220e-01 8.233098216953326220e-01 1.341155145917771518e+00 2.671767567936679910e+00
-2.690520045218088629e+00 -1.314049803576577968e+00 -8.035079339994090075e-01 -8.035079339994083414e-01 -8.035079339994081193e-01 2.664535259100378064e-17 8.437694987151189806e-17 2.220446049250313081e-16 5.551115123125782702e-16 8.881784197001252323e-16 9.992007221626408864e-16 8.035079339994097847e-01 8.035079339994100067e-01 8.035079339994100067e-01 1.314049803576582631e+00 2.690520045218088629e+00
-2.710523278262770397e+00 -1.286264988443525326e+00 -7.837181014242299293e-01 -7.837181014242290411e-01 -7.837181014242288191e-01 -1.537577916599993977e-16 -1.277566203377408337e-17 4.440892098500626162e-16 7.771561172376095783e-16 8.881784197001252323e-16 1.776356839400250465e-15 7.837181014242302624e-01 7.837181014242303734e-01 7.837181014242303734e-01 1.286264988443526880e+00 2.710523278262773506e+00
-2.731700521881088140e+00 -1.257862674839574701e+00 -7.639412608309618102e-01 -7.639412608309615882e-01 -7.639412608309613661e-01 -7.686159401251083552e-17 -1.681347369023674142e-17 8.881784197001252323e-16 1.110223024625156540e-15 1.110223024625156540e-15 2.664535259100375697e-15 7.639412608309618102e-01 7.639412608309620323e-01 7.639412608309620323e-01 1.257862674839576478e+00 2.731700521881091248e+00
-2.753979914286984965e+00 -1.228900400440909646e+00 -7.441784480217087383e-01 -7.441784480217078501e-01 -7.441784480217078501e-01 6.938893903907228378e-18 1.734723475976807094e-16 4.440892098500626162e-16 6.661338147750939243e-16 8.881784197001252323e-16 8.881784197001252323e-16 7.441784480217091824e-01 7.441784480217092934e-01 7.441784480217092934e-01 1.228900400440912533e+00 2.753979914286988517e+00
-2.777294475035457122e+00 -1.199431281456967202e+00 -7.244308110509940501e-01 -7.244308110509928289e-01 -7.244308110509928289e-01 -1.405854423899646666e-16 -3.951087822930702447e-17 -1.600027300195078098e-17 8.881784197001252323e-16 1.379381581762671092e-15 2.220446049250313081e-15 7.244308110509931620e-01 7.244308110509932730e-01 7.244308110509933840e-01 1.199431281456970311e+00 2.777294475035459342e+00
-2.801581984639448741e+00 -1.169504145287080021e+00 -7.046996257271606057e-01 -7.046996257271601616e-01 -7.046996257271599395e-01 -1.442501187014710081e-16 -4.136529322804725244e-17 8.881784197001252323e-16 9.992007221626408864e-16 9.992007221626408864e-16 1.332267629550187849e-15 7.046996257271602726e-01 7.046996257271602726e-01 7.046996257271603836e-01 1.169504145287083796e+00 2.801581984639451406e+00
-2.826784784434629660e+00 -1.139163742615102226e+00 -6.849863137318866757e-01 -6.849863137318864537e-01 -6.849863137318860096e-01 -4.762346484388030020e-17 8.708842392235268625e-17 3.330669073875469621e-16 5.551115123125782702e-16 9.992007221626408864e-16 2.664535259100375697e-15 6.849863137318874529e-01 6.849863137318874529e-01 6.849863137318875639e-01 1.139163742615105779e+00 2.826784784434631437e+00
-2.852849526704256622e+00 -1.108451009509797469e+00 -6.652924638833662696e-01 -6.652924638833658255e-01 -6.652924638833653814e-01 4.788212974097623948e-17 1.442384952234551339e-16 7.771561172376095783e-16 9.992007221626408864e-16 1.221245327087672194e-15 1.776356839400250465e-15 6.652924638833660476e-01 6.652924638833661586e-01 6.652924638833662696e-01 1.108451009509800134e+00 2.852849526704257510e+00
-2.879726897648468231e+00 -1.077403357596362632e+00 -6.456198571915209294e-01 -6.456198571915207074e-01 -6.456198571915204854e-01 5.102173612420988851e-17 8.081724805002745066e-17 8.881784197001252323e-16 9.992007221626408864e-16 9.992007221626408864e-16 2.220446049250313081e-15 6.456198571915207074e-01 6.456198571915209294e-01 6.456198571915210405e-01 1.077403357596364630e+00 2.879726897648470008e+00
-2.907371329644676816e+00 -1.046054976595458541e+00 -6.259704965092197648e-01 -6.259704965092193207e-01 -6.259704965092193207e-01 -1.387778780781445676e-17 1.179611963664228824e-16 3.330669073875469621e-16 6.661338147750939243e-16 9.992007221626408864e-16 2.220446049250313081e-15 6.259704965092202089e-01 6.259704965092203199e-01 6.259704965092204310e-01 1.046054976595461650e+00 2.907371329644678593e+00
-2.935740714361586345e+00 -1.014437138535314364e+00 -6.063466417817447995e-01 -6.063466417817445775e-01 -6.063466417817441334e-01 1.370854649308503050e-17 6.955818035380169771e-17 5.551115123125782702e-16 7.771561172376095783e-16 1.110223024625156540e-15 2.220446049250313081e-15 6.063466417817449106e-01 6.063466417817452436e-01 6.063466417817452436e-01 1.014437138535317917e+00 2.935740714361586345e+00
-2.964796124520316489e+00 -9.825784968791566598e-01 -5.867508521510641506e-01 -5.867508521510641506e-01 -5.867508521510590436e-01 -1.174516756906778566e-16 -9.106518969342335637e-17 1.249242104642060850e-16 6.661338147750939243e-16 9.992007221626408864e-16 2.220446049250313081e-15 5.867508521510639286e-01 5.867508521510643726e-01 5.867508521510643726e-01 9.825784968791604346e-01 2.964796124520316933e+00
-2.994501549264390938e+00 -9.505053768670372882e-01 -5.671860364994888437e-01 -5.671860364994886217e-01 -5.671860364994881776e-01 -2.220446049250313081e-16 -4.163336342344337027e-17 9.801187639268960083e-17 2.220446049250313081e-16 6.661338147750939243e-16 2.664535259100375697e-15 5.671860364994890658e-01 5.671860364994893988e-01 5.671860364994896209e-01 9.505053768670408409e-01 2.994501549264392715e+00
-3.024823646025332824e+00 -9.182420557489177071e-01 -5.476555144431578537e-01 -5.476555144431578537e-01 -5.476555144431576316e-01 -2.013408342087874512e-17 1.536359386194252253e-17 6.661338147750939243e-16 8.881784197001252323e-16 9.992007221626408864e-16 1.332267629550187849e-15 5.476555144431577427e-01 5.476555144431578537e-01 5.476555144431581867e-01 9.182420557489203716e-01 3.024823646025334156e+00
-3.055731510288428598e+00 -8.858110334774393912e-01 -5.281630903423675250e-01 -5.281630903423675250e-01 -5.281630903423670809e-01 7.003073383727285739e-17 1.165604600474824557e-16 5.551115123125782702e-16 6.661338147750939243e-16 8.881784197001252323e-16 2.220446049250313081e-15 5.281630903423675250e-01 5.281630903423676360e-01 5.281630903423677470e-01 8.858110334774429440e-01 3.055731510288433039e+00
-3.087196463633631538e+00 -8.532332960146207235e-01 -5.087131436281155938e-01 -5.087131436281155938e-01 -5.087131436281155938e-01 -2.775557561562891351e-17 0.000000000000000000e+00 5.551115123125782702e-16 7.771561172376095783e-16 8.881784197001252323e-16 1.776356839400250465e-15 5.087131436281157049e-01 5.087131436281157049e-01 5.087131436281159269e-01 8.532332960146229439e-01 3.087196463633635091e+00
-3.119191859735462202e+00 -8.205285748589190575e-01 -4.893107397145495252e-01 -4.893107397145495252e-01 -4.893107397145495252e-01 -5.924460043779389604e-18 5.924460043779392685e-18 5.551115123125782702e-16 6.661338147750939243e-16 8.326672684688674053e-16 2.664535259100375697e-15 4.893107397145497472e-01 4.893107397145497472e-01 4.893107397145498028e-01 8.205285748589230543e-01 3.119191859735464423e+00
-3.151692907563058199e+00 -7.877156078920259930e-01 -4.699617670619599119e-01 -4.699617670619598009e-01 -4.699617670619595788e-01 1.821459649775647449e-17 2.081668171172168513e-17 7.216449660063517513e-16 7.216449660063517513e-16 9.436895709313830594e-16 1.776356839400250465e-15 4.699617670619599674e-01 4.699617670619600229e-01 4.699617670619600784e-01 7.877156078920295457e-01 3.151692907563059531e+00
-3.184676510757145085e+00 -7.548124083715661570e-01 -4.506731076955888815e-01 -4.506731076955888815e-01 -4.506731076955887705e-01 -5.249264035528757775e-17 2.386970300167026069e-17 7.216449660063517513e-16 7.771561172376095783e-16 8.326672684688674053e-16 1.776356839400250465e-15 4.506731076955889925e-01 4.506731076955890480e-01 4.506731076955890480e-01 7.548124083715679333e-01 3.184676510757146417e+00
-3.218121122022345570e+00 -7.218365510928532736e-01 -4.314528508423601250e-01 -4.314528508423599029e-01 -4.314528508423597919e-01 -2.581731960185695996e-18 8.653264126104530071e-18 4.996003610813204432e-16 7.216449660063517513e-16 7.216449660063517513e-16 1.776356839400250465e-15 4.314528508423602360e-01 4.314528508423602915e-01 4.314528508423604025e-01 7.218365510928559381e-01 3.218121122022349567e+00
-3.252006611321430096e+00 -6.888054877261700071e-01 -4.123105625617655146e-01 -4.123105625617651815e-01 -4.123105625617649594e-01 -1.183686725979138159e-17 4.572712704138498799e-18 5.551115123125782702e-17 1.110223024625156540e-16 1.665334536937734811e-16 2.664535259100375697e-15 4.123105625617659031e-01 4.123105625617659586e-01 4.123105625617660697e-01 6.888054877261740039e-01 3.252006611321432761e+00
-3.286314146664306435e+00 -6.557369075582331064e-01 -3.932576286609070215e-01 -3.932576286609069105e-01 -3.932576286609065774e-01 3.251042422519158648e-17 3.514379133790390253e-17 5.551115123125782702e-16 6.106226635438360972e-16 6.106226635438360972e-16 1.776356839400250465e-15 3.932576286609071325e-01 3.932576286609071325e-01 3.932576286609071881e-01 6.557369075582362150e-01 3.286314146664309099e+00
-3.321026086327862004e+00 -6.226491660074988665e-01 -3.743076942837264554e-01 -3.743076942837261223e-01 -3.743076942837255672e-01 3.142140635731576882e-17 5.184532048957097788e-17 5.551115123125782702e-17 2.775557561562891351e-16 4.996003610813204432e-16 1.776356839400250465e-15 3.743076942837266774e-01 3.743076942837267329e-01 3.743076942837270660e-01 6.226491660075010870e-01 3.321026086327862448e+00
-3.356125881408678069e+00 -5.895618123986787751e-01 -3.554772320416595965e-01 -3.554772320416593745e-01 -3.554772320416591525e-01 -8.187894806610527513e-18 2.900457651833221265e-17 4.440892098500626162e-16 4.996003610813204432e-16 5.551115123125782702e-16 2.220446049250313081e-15 3.554772320416595410e-01 3.554772320416595410e-01 3.554772320416597076e-01 5.895618123986814396e-01 3.356125881408679845e+00
-3.391597987688643734e+00 -5.564962622572888762e-01 -3.367862823809784634e-01 -3.367862823809783523e-01 -3.367862823809781303e-01 1.297048693136844242e-17 8.742663424078930668e-17 4.440892098500626162e-16 6.106226635438360972e-16 6.661338147750939243e-16 2.220446049250313081e-15 3.367862823809782968e-01 3.367862823809782968e-01 3.367862823809783523e-01 5.564962622572924289e-01 3.391597987688644622e+00
-3.427427785876730137e+00 -5.234766805695554304e-01 -3.182594264118499550e-01 -3.182594264118498439e-01 -3.182594264118493999e-01 -5.870558104677609735e-17 -2.369378406212223963e-17 1.110223024625156540e-16 1.110223024625156540e-16 3.330669073875469621e-16 1.776356839400250465e-15 3.182594264118503435e-01 3.182594264118503435e-01 3.182594264118503435e-01 5.234766805695580949e-01 3.427427785876731470e+00
-3.463601509373879228e+00 -4.905311756279862045e-01 -2.999270744697785096e-01 -2.999270744697783986e-01 -2.999270744697782876e-01 -1.277771926207306745e-17 1.472928317254697698e-17 5.551115123125782702e-16 5.551115123125782702e-16 6.106226635438360972e-16 2.220446049250313081e-15 2.999270744697784541e-01 2.999270744697785096e-01 2.999270744697785096e-01 4.905311756279906454e-01 3.463601509373880116e+00
-3.500106178789066380e+00 -4.576934560408099095e-01 -2.818271855233275835e-01 -2.818271855233270284e-01 -2.818271855233270284e-01 -8.555341553252884326e-17 7.653489439445352759e-18 1.665334536937734811e-16 2.775557561562891351e-16 3.330669073875469621e-16 2.220446049250313081e-15 2.818271855233273615e-01 2.818271855233273615e-01 2.818271855233274170e-01 4.576934560408139063e-01 3.500106178789068156e+00
-3.536929542511405788e+00 -4.250051897448412497e-01 -2.640075756488815539e-01 -2.640075756488814429e-01 -2.640075756488814429e-01 9.796085511398440697e-18 2.489838400813769965e-17 2.775557561562891351e-16 4.440892098500626162e-16 4.996003610813204432e-16 2.664535259100375697e-15 2.640075756488816650e-01 2.640075756488816650e-01 2.640075756488817760e-01 4.250051897448456906e-01 3.536929542511407121e+00
-3.574060022714426577e+00 -3.925194473329036704e-01 -2.465290297307804190e-01 -2.465290297307801970e-01 -2.465290297307801137e-01 -5.290317933593181279e-17 -2.857191607491211395e-17 8.408306730616994097e-17 4.622207709694746566e-16 4.996003610813204432e-16 2.220446049250313081e-15 2.465290297307802803e-01 2.465290297307803635e-01 2.465290297307803913e-01 3.925194473329072231e-01 3.574060022714430129e+00
-3.611486666234276388e+00 -3.603058556449250105e-01 -2.294694968835727100e-01 -2.294694968835725435e-01 -2.294694968835724325e-01 1.082340881202267152e-17 2.343737983851926244e-17 2.775557561562891351e-16 3.885780586188047891e-16 4.163336342344337027e-16 2.220446049250313081e-15 2.294694968835726823e-01 2.294694968835727100e-01 2.294694968835727655e-01 3.603058556449290073e-01 3.611486666234278164e+00
-3.649199099822989290e+00 -3.284585093296841229e-01 -2.129297125814055280e-01 -2.129297125814054170e-01 -2.129297125814053060e-01 -2.076025486959702220e-17 -1.085397933724885650e-17 3.053113317719180486e-16 3.608224830031758756e-16 3.885780586188047891e-16 2.220446049250313081e-15 2.129297125814055558e-01 2.129297125814055835e-01 2.129297125814056946e-01 3.284585093296872316e-01 3.649199099822989290e+00
-3.687187489331916090e+00 -2.971084288844454413e-01 -1.970406049523800163e-01 -1.970406049523800163e-01 -1.970406049523800163e-01 -4.313559818614495449e-17 -5.436659141205662645e-18 3.053113317719180486e-16 3.330669073875469621e-16 3.330669073875469621e-16 2.220446049250313081e-15 1.970406049523801550e-01 1.970406049523802106e-01 1.970406049523802661e-01 2.971084288844498822e-01 3.687187489331918311e+00
-3.725442502428538027e+00 -2.664436593334045256e-01 -1.819726971278931571e-01 -1.819726971278931016e-01 -1.819726971278930461e-01 -6.938893903907228378e-18 0.000000000000000000e+00 3.053113317719180486e-16 3.330669073875469621e-16 4.718447854656915297e-16 2.220446049250313081e-15 1.819726971278932959e-01 1.819726971278933236e-01 1.819726971278933236e-01 2.664436593334089665e-01 3.725442502428540692e+00
-3.763955274493133274e+00 -2.367423528127092780e-01 -1.679471643106843493e-01 -1.679471643106841827e-01 -1.679471643106841272e-01 -1.118156924943967428e-16 -1.899624114038760251e-18 2.377340294393381298e-17 2.220446049250313081e-16 5.917725687953693437e-16 1.776356839400250465e-15 1.679471643106842105e-01 1.679471643106842660e-01 1.679471643106842937e-01 2.367423528127119425e-01 3.763955274493135938e+00
-3.802717377380292696e+00 -2.084277099378821774e-01 -1.552467793546776775e-01 -1.552467793546771779e-01 -1.552467793546741248e-01 -7.703048885195928802e-17 6.938893903907224911e-19 2.706168622523819006e-17 3.897383193703728430e-16 1.588589037556595070e-15 1.899547203646072884e-15 1.552467793546775943e-01 1.552467793546776498e-01 1.552467793546776775e-01 2.084277099378857301e-01 3.802717377380293584e+00
-3.841720790764427740e+00 -1.821575301993698659e-01 -1.442220510185597271e-01 -1.442220510185593108e-01 -1.442220510185561189e-01 -6.927264043554761599e-17 1.061989249927265312e-17 2.233985354428668784e-17 4.632431901869318596e-16 8.418057560971356588e-16 1.776297802530636293e-15 1.442220510185595606e-01 1.442220510185596161e-01 1.442220510185614479e-01 1.821575301993738627e-01 3.841720790764428628e+00
-3.880957875818979552e+00 -1.589576315205345480e-01 -1.352832676275942392e-01 -1.352832676275927681e-01 -1.352832676275901314e-01 -5.054109866354592922e-15 -8.664161347890142365e-18 -5.864147763415619361e-18 1.437280497308094464e-15 2.921543415719165750e-15 3.113845821394063026e-15 1.352832676275973200e-01 1.352832676275974866e-01 1.352832676276020107e-01 1.589576315205389889e-01 3.880957875818980440e+00
-3.920421351005836108e+00 -1.403662373135032837e-01 -1.288652396885963114e-01 -1.288652396885943685e-01 -1.288652396885917040e-01 -3.850011093356114273e-15 -1.387778780781445676e-17 -8.239936510889833698e-18 1.572355874890762612e-15 2.527674197989888090e-15 3.207225945434976122e-15 1.288652396885976437e-01 1.288652396885998641e-01 1.288652396886033891e-01 1.403662373135086128e-01 3.920421351005838329e+00
-3.960104269775542640e+00 -1.284065224414044359e-01 -1.253557437854335987e-01 -1.253557437854322110e-01 -1.253557437854290191e-01 -5.197954497363476936e-15 -1.044358230129372692e-17 5.637900045195708509e-19 1.455027598626550504e-15 2.053346471344496633e-15 2.561032746116848782e-15 1.253557437854367629e-01 1.253557437854377066e-01 1.253557437854416756e-01 1.284065224414099315e-01 3.960104269775544417e+00
-4.000000000000000000e+00 -1.250000000000000000e-01 -1.250000000000000000e-01 -1.250000000000000000e-01 -1.250000000000000000e-01 0.000000000000000000e+00 0.000000000000000000e+00 0.000000000000000000e+00 0.000000000000000000e+00 0.000000000000000000e+00 0.000000000000000000e+00 1.250000000000000000e-01 1.250000000000000000e-01 1.250000000000000000e-01 1.250000000000000000e-01 4.000000000000000000e+00
