-3.999999999999989342e+00 -2.000000000000000888e+00 -2.000000000000000888e+00 -1.999999999999997558e+00 -1.999999999999993783e+00 -4.672917017843163523e-15 -3.156583710941321125e-16 -1.016103875140703377e-16 2.220446049250313081e-15 2.664535259100375697e-15 6.562067091254736404e-15 1.999999999999998668e+00 1.999999999999999334e+00 2.000000000000000444e+00 2.000000000000003109e+00 4.000000000000000000e+00
-3.960088389373878748e+00 -1.980233559039461078e+00 -1.980006313121249528e+00 -1.980006313121248418e+00 -1.980006313121247974e+00 -4.470287014347334408e-15 -3.211908553182808148e-16 1.060851442971567844e-16 3.108624468950438313e-15 3.552713678800500929e-15 6.008192413451395709e-15 1.980006313121248640e+00 1.980006313121249084e+00 1.980006313121250860e+00 1.980233559039471292e+00 3.960088389373888962e+00
-3.920357234164292493e+00 -1.960943435322800354e+00 -1.960025510038071683e+00 -1.960025510038071239e+00 -1.960025510038070351e+00 -3.067964693847383107e-16 1.808698337900435152e-17 2.664535259100375697e-15 2.664535259100375697e-15 3.108624468950438313e-15 3.330669073875469621e-15 1.960025510038070573e+00 1.960025510038070795e+00 1.960025510038071017e+00 1.960943435322808792e+00 3.920357234164303595e+00
-3.880812332357016281e+00 -1.942143311145085427e+00 -1.940057988824046120e+00 -1.940057988824044788e+00 -1.940057988824041235e+00 5.551115123125782702e-17 1.665334536937733825e-16 2.220446049250313081e-16 1.776356839400250465e-15 2.664535259100375697e-15 3.108624468950438313e-15 1.940057988824044788e+00 1.940057988824045010e+00 1.940057988824046120e+00 1.942143311145094087e+00 3.880812332357025607e+00
-3.841459887472622015e+00 -1.923846650057833507e+00 -1.920104163841119149e+00 -1.920104163841119149e+00 -1.920104163841117817e+00 -2.847339222637793765e-16 3.493374172311915486e-17 1.776356839400250465e-15 2.664535259100375697e-15 2.886579864025407005e-15 3.330669073875469621e-15 1.920104163841117817e+00 1.920104163841118039e+00 1.920104163841118261e+00 1.923846650057842389e+00 3.841459887472629120e+00
-3.802306546948739374e+00 -1.906066610334140599e+00 -1.900164466565985144e+00 -1.900164466565984256e+00 -1.900164466565983368e+00 6.661338147750938996e-17 2.664535259100374119e-16 2.220446049250313081e-15 2.664535259100375697e-15 2.886579864025407005e-15 3.330669073875469621e-15 1.900164466565986254e+00 1.900164466565986254e+00 1.900164466565986254e+00 1.906066610334147038e+00 3.802306546948746924e+00
-3.763359444605472781e+00 -1.888815949397582017e+00 -1.880239346466294759e+00 -1.880239346466294315e+00 -1.880239346466290318e+00 -8.881784197001252323e-16 0.000000000000000000e+00 1.110223024625156540e-16 1.332267629550187849e-15 2.442490654175344389e-15 3.108624468950438313e-15 1.880239346466294537e+00 1.880239346466294759e+00 1.880239346466295425e+00 1.888815949397589566e+00 3.763359444605483439e+00
-3.724626247657308653e+00 -1.872106918758154492e+00 -1.860329271930103889e+00 -1.860329271930100781e+00 -1.860329271930100781e+00 5.987719683371633079e-17 1.621674080913150513e-16 6.661338147750939243e-16 8.881784197001252323e-16 8.881784197001252323e-16 1.998401444325281773e-15 1.860329271930105000e+00 1.860329271930106554e+00 1.860329271930106998e+00 1.872106918758160932e+00 3.724626247657317979e+00
-3.686115208786491237e+00 -1.855951149021122681e+00 -1.840434731252373446e+00 -1.840434731252369449e+00 -1.840434731252369005e+00 -4.440892098500626162e-16 -1.505206216078336816e-16 -8.540177112501208329e-17 2.220446049250313081e-16 1.998401444325281773e-15 2.220446049250313081e-15 1.840434731252374556e+00 1.840434731252374556e+00 1.840434731252374778e+00 1.855951149021131119e+00 3.686115208786501451e+00
-3.647835223848987063e+00 -1.840359524562124705e+00 -1.820556233682444347e+00 -1.820556233682443903e+00 -1.820556233682441682e+00 -4.785505594652468253e-16 6.705773999555295610e-18 8.881784197001252323e-16 2.220446049250313081e-15 2.886579864025407005e-15 3.330669073875469621e-15 1.820556233682441905e+00 1.820556233682442571e+00 1.820556233682442793e+00 1.840359524562130922e+00 3.647835223848996389e+00
-3.609795895844117197e+00 -1.825342047493258235e+00 -1.800694310536909981e+00 -1.800694310536909981e+00 -1.800694310536907761e+00 -7.120876215726681061e-17 1.222816397405534475e-17 1.776356839400250465e-15 1.998401444325281773e-15 2.220446049250313081e-15 2.886579864025407005e-15 1.800694310536910425e+00 1.800694310536910425e+00 1.800694310536910869e+00 1.825342047493265563e+00 3.609795895844126523e+00
-3.572007605842662858e+00 -1.810907690580086271e+00 -1.780849516382559283e+00 -1.780849516382559283e+00 -1.780849516382558395e+00 -2.358763890163559840e-16 4.158735970695337370e-17 1.776356839400250465e-15 1.776356839400250465e-15 2.442490654175344389e-15 2.886579864025407005e-15 1.780849516382560394e+00 1.780849516382560616e+00 1.780849516382561060e+00 1.810907690580091600e+00 3.572007605842670852e+00
-3.534481591634115016e+00 -1.797064238807140502e+00 -1.761022430294399754e+00 -1.761022430294399754e+00 -1.761022430294398422e+00 5.763469203805701171e-17 2.563502571137450724e-16 6.661338147750939243e-16 1.554312234475219157e-15 1.554312234475219157e-15 1.776356839400250465e-15 1.761022430294401531e+00 1.761022430294401753e+00 1.761022430294401753e+00 1.797064238807147385e+00 3.534481591634124786e+00
-3.497230034920538078e+00 -1.783818119329885210e+00 -1.741213657194314646e+00 -1.741213657194313758e+00 -1.741213657194311981e+00 -1.011241743937067933e-16 -8.163404592832053687e-18 1.776356839400250465e-15 1.776356839400250465e-15 2.664535259100375697e-15 3.108624468950438313e-15 1.741213657194314646e+00 1.741213657194314868e+00 1.741213657194315312e+00 1.783818119329892093e+00 3.497230034920547848e+00
-3.460266157949110966e+00 -1.771174219593324661e+00 -1.721423829276218953e+00 -1.721423829276218065e+00 -1.721423829276217177e+00 6.919746484408238971e-17 7.782034974495198689e-17 1.776356839400250465e-15 1.998401444325281773e-15 2.220446049250313081e-15 2.442490654175344389e-15 1.721423829276218287e+00 1.721423829276218731e+00 1.721423829276218953e+00 1.771174219593331101e+00 3.460266157949119847e+00
-3.423604330534500750e+00 -1.759135693443046211e+00 -1.701653607524165501e+00 -1.701653607524164613e+00 -1.701653607524163725e+00 3.886857871364037834e-17 6.760007462443613242e-17 1.776356839400250465e-15 2.664535259100375697e-15 2.664535259100375697e-15 2.886579864025407005e-15 1.701653607524163059e+00 1.701653607524163281e+00 1.701653607524163725e+00 1.759135693443051762e+00 3.423604330534508300e+00
-3.387260188469830791e+00 -1.747703755104752066e+00 -1.681903683330291166e+00 -1.681903683330290278e+00 -1.681903683330284505e+00 -8.881784197001252323e-16 -7.051416507754372089e-17 1.260253163088014246e-16 1.998401444325281773e-15 2.220446049250313081e-15 2.664535259100375697e-15 1.681903683330290722e+00 1.681903683330290944e+00 1.681903683330291388e+00 1.747703755104758283e+00 3.387260188469839672e+00
-3.351250764353784994e+00 -1.736877460967843234e+00 -1.662174780220178061e+00 -1.662174780220177173e+00 -1.662174780220177173e+00 -2.917804886592990322e-16 2.085137618124121930e-16 1.776356839400250465e-15 1.998401444325281773e-15 2.442490654175344389e-15 2.664535259100375697e-15 1.662174780220178949e+00 1.662174780220178949e+00 1.662174780220179393e+00 1.736877460967849229e+00 3.351250764353793432e+00
-3.315594631860601993e+00 -1.726653479183675621e+00 -1.642467655693713446e+00 -1.642467655693712336e+00 -1.642467655693712114e+00 -4.224226134096969147e-15 -8.973384133742908858e-17 -5.881710288613559628e-17 1.332267629550187849e-15 1.776356839400250465e-15 5.842594029235275289e-15 1.642467655693712780e+00 1.642467655693713446e+00 1.642467655693713446e+00 1.726653479183681172e+00 3.315594631860610875e+00
-3.280312064435254804e+00 -1.717025847190556398e+00 -1.622783103190319043e+00 -1.622783103190317711e+00 -1.622783103190316600e+00 -6.168358264780375432e-16 4.654396526313149591e-17 3.142785177400442318e-16 1.776356839400250465e-15 2.442490654175344389e-15 4.752407710119807329e-15 1.622783103190318155e+00 1.622783103190318377e+00 1.622783103190318377e+00 1.717025847190561949e+00 3.280312064435263242e+00
-3.245425209288706370e+00 -1.707985717420753780e+00 -1.603121954188142073e+00 -1.603121954188140075e+00 -1.603121954188138965e+00 -4.231022837931124073e-15 -1.392064653418062747e-17 1.691885620294719633e-16 2.442490654175344389e-15 3.108624468950438313e-15 5.522669327297877258e-15 1.603121954188139853e+00 1.603121954188140075e+00 1.603121954188140297e+00 1.707985717420761329e+00 3.245425209288714363e+00
-3.210958277373014536e+00 -1.699521091651901461e+00 -1.583485080447555760e+00 -1.583485080447554427e+00 -1.583485080447552651e+00 -1.744682118821622698e-16 -8.183718169341097835e-17 8.881784197001252323e-16 1.776356839400250465e-15 2.220446049250313081e-15 2.664535259100375697e-15 1.583485080447554205e+00 1.583485080447555093e+00 1.583485080447555537e+00 1.699521091651906124e+00 3.210958277373020753e+00
-3.176937749700749603e+00 -1.691616544766063601e+00 -1.563873396410336403e+00 -1.563873396410333960e+00 -1.563873396410333294e+00 -4.039515395298578188e-15 -2.088971972203106126e-17 1.782819938490361331e-16 1.110223024625156540e-15 1.332267629550187849e-15 4.410536749808245141e-15 1.563873396410335292e+00 1.563873396410335737e+00 1.563873396410335959e+00 1.691616544766068486e+00 3.176937749700757152e+00
-3.143392599896673634e+00 -1.684252939114185832e+00 -1.544287861766708403e+00 -1.544287861766707515e+00 -1.544287861766707515e+00 1.221245327087672293e-16 2.109423746787797821e-16 8.881784197001252323e-16 1.332267629550187849e-15 1.998401444325281773e-15 1.998401444325281773e-15 1.544287861766710401e+00 1.544287861766710845e+00 1.544287861766711067e+00 1.684252939114190273e+00 3.143392599896680739e+00
-3.110354532180765297e+00 -1.677407131301915655e+00 -1.524729484203673380e+00 -1.524729484203672936e+00 -1.524729484203672492e+00 -3.748505811091617891e-17 1.579670245283678961e-16 8.881784197001252323e-16 2.220446049250313081e-15 2.442490654175344389e-15 2.664535259100375697e-15 1.524729484203673602e+00 1.524729484203673824e+00 1.524729484203673824e+00 1.677407131301920540e+00 3.110354532180771514e+00
-3.077858233018822887e+00 -1.671051674077793869e+00 -1.505199322349035418e+00 -1.505199322349034086e+00 -1.505199322349031421e+00 -8.108370404565745167e-18 6.361952163582351056e-17 8.881784197001252323e-16 8.881784197001252323e-16 1.110223024625156540e-15 1.332267629550187849e-15 1.505199322349036972e+00 1.505199322349036972e+00 1.505199322349037194e+00 1.671051674077799198e+00 3.077858233018829548e+00
-3.045941633367292845e+00 -1.665154517190438277e+00 -1.485698488927008176e+00 -1.485698488927008176e+00 -1.485698488927007732e+00 -2.287664167091608505e-16 -6.260587156311099695e-17 1.176678758252766031e-15 1.332267629550187849e-15 1.776356839400250465e-15 1.998401444325281773e-15 1.485698488927009731e+00 1.485698488927009731e+00 1.485698488927009953e+00 1.665154517190443384e+00 3.045941633367301726e+00
-3.014646176702189262e+00 -1.659678712671470269e+00 -1.466228154142458218e+00 -1.466228154142457329e+00 -1.466228154142456441e+00 -2.094004826088853097e-17 9.664345667039210901e-18 1.776356839400250465e-15 1.776356839400250465e-15 1.998401444325281773e-15 2.442490654175344389e-15 1.466228154142457996e+00 1.466228154142458218e+00 1.466228154142458440e+00 1.659678712671474266e+00 3.014646176702195035e+00
-2.984017085773779332e+00 -1.654582132083539658e+00 -1.446789549312547107e+00 -1.446789549312546219e+00 -1.446789549312544887e+00 -3.553167984635168869e-15 -1.978006404304794610e-16 5.214803119418222758e-17 1.332267629550187849e-15 2.886579864025407005e-15 5.248509914108519906e-15 1.446789549312543999e+00 1.446789549312546219e+00 1.446789549312546441e+00 1.654582132083544543e+00 2.984017085773785549e+00
-2.954103618192616132e+00 -1.649817205929566377e+00 -1.427383970766099131e+00 -1.427383970766099131e+00 -1.427383970766097354e+00 -1.387778780781445676e-16 1.387778780781445676e-17 1.554312234475219157e-15 1.998401444325281773e-15 2.220446049250313081e-15 2.664535259100375697e-15 1.427383970766099797e+00 1.427383970766099797e+00 1.427383970766100463e+00 1.649817205929571484e+00 2.954103618192622793e+00
-2.924959297475417053e+00 -1.645330698708334261e+00 -1.408012784032873554e+00 -1.408012784032871556e+00 -1.408012784032870002e+00 -9.659509837522090749e-16 -1.463728737379015118e-16 -8.335601408462080899e-17 1.998401444325281773e-15 2.220446049250313081e-15 2.439119109532336675e-15 1.408012784032871778e+00 1.408012784032872222e+00 1.408012784032873110e+00 1.645330698708340478e+00 2.924959297475424158e+00
-2.896642102060373869e+00 -1.641063537030546637e+00 -1.388677428346842602e+00 -1.388677428346842602e+00 -1.388677428346841713e+00 -1.231807013665166133e-16 3.763714995741036275e-17 1.776356839400250465e-15 2.220446049250313081e-15 2.442490654175344389e-15 2.664535259100375697e-15 1.388677428346842158e+00 1.388677428346842158e+00 1.388677428346842824e+00 1.641063537030550412e+00 2.896642102060380530e+00
-2.869214590127777686e+00 -1.636950712696580101e+00 -1.369379421489894666e+00 -1.369379421489894222e+00 -1.369379421489893778e+00 4.601604220529825902e-17 1.796606399975595136e-16 1.110223024625156540e-15 1.554312234475219157e-15 2.220446049250313081e-15 2.220446049250313081e-15 1.369379421489894888e+00 1.369379421489895332e+00 1.369379421489895332e+00 1.636950712696584320e+00 2.869214590127783904e+00
-2.842743933061009365e+00 -1.632921287461456039e+00 -1.350120365004542355e+00 -1.350120365004542355e+00 -1.350120365004541911e+00 -3.609197967591454150e-16 -1.100576269685578221e-16 1.998401444325281773e-15 2.220446049250313081e-15 2.220446049250313081e-15 2.664535259100375697e-15 1.350120365004542577e+00 1.350120365004542800e+00 1.350120365004543022e+00 1.632921287461459814e+00 2.842743933061015138e+00
-2.817301825481405064e+00 -1.628898530952467727e+00 -1.330901949806973628e+00 -1.330901949806971407e+00 -1.330901949806970963e+00 -3.778441077971959824e-15 -8.981318973309226472e-19 8.026173092326986686e-17 2.220446049250313081e-15 2.220446049250313081e-15 4.028933304405905668e-15 1.330901949806971851e+00 1.330901949806972073e+00 1.330901949806972517e+00 1.628898530952470836e+00 2.817301825481409949e+00
-2.792964235674820550e+00 -1.624800227179121315e+00 -1.311725962234491227e+00 -1.311725962234488341e+00 -1.311725962234488119e+00 -6.206006653457142935e-16 1.263682895636133960e-17 1.084442743049295904e-16 2.008966081570010596e-15 2.220446049250313081e-15 2.220446049250313081e-15 1.311725962234490339e+00 1.311725962234490561e+00 1.311725962234490783e+00 1.624800227179125311e+00 2.792964235674825435e+00
-2.769810957887312242e+00 -1.620539187297651118e+00 -1.292594290564522241e+00 -1.292594290564520909e+00 -1.292594290564517800e+00 4.440892098500625792e-17 1.776356839400250070e-16 4.440892098500626162e-16 1.776356839400250465e-15 2.220446049250313081e-15 3.108624468950438313e-15 1.292594290564521797e+00 1.292594290564522019e+00 1.292594290564522463e+00 1.620539187297654227e+00 2.769810957887317571e+00
-2.747924928690742785e+00 -1.616024005477619152e+00 -1.273508932045630759e+00 -1.273508932045628317e+00 -1.273508932045628095e+00 -1.144427259494088356e-15 -6.669106349700847260e-17 1.291411086321735773e-16 1.332267629550187849e-15 1.887784119221815665e-15 2.664535259100375697e-15 1.273508932045628983e+00 1.273508932045629649e+00 1.273508932045629871e+00 1.616024005477623149e+00 2.747924928690749891e+00
-2.727391274903083307e+00 -1.611160089371163728e+00 -1.254472000484665672e+00 -1.254472000484665228e+00 -1.254472000484665228e+00 4.710946347733775998e-17 2.304462926789514244e-16 1.776356839400250465e-15 1.998401444325281773e-15 1.998401444325281773e-15 3.108624468950438313e-15 1.254472000484665895e+00 1.254472000484665895e+00 1.254472000484666117e+00 1.611160089371167059e+00 2.727391274903088636e+00
-2.708296071875259781e+00 -1.605850985323669544e+00 -1.235485734438080296e+00 -1.235485734438078298e+00 -1.235485734438075855e+00 -1.860309458916437373e-15 -3.330669073875469621e-16 8.326672684688674053e-17 6.661338147750939243e-16 1.852930341726690949e-15 2.220446049250313081e-15 1.235485734438078742e+00 1.235485734438078742e+00 1.235485734438079186e+00 1.605850985323673319e+00 2.708296071875265110e+00
-2.690724809414736907e+00 -1.599999999999996536e+00 -1.216552506059643601e+00 -1.216552506059643157e+00 -1.216552506059642713e+00 1.449820655686970634e-17 5.489073248220257743e-17 8.881784197001252323e-16 1.110223024625156540e-15 1.776356839400250465e-15 2.220446049250313081e-15 1.216552506059643823e+00 1.216552506059644045e+00 1.216552506059644267e+00 1.600000000000000533e+00 2.690724809414742236e+00
-2.674760588375115766e+00 -1.593512094361122955e+00 -1.197674830661478174e+00 -1.197674830661477507e+00 -1.197674830661476397e+00 -1.138253036374631496e-15 9.107298248878237246e-17 1.049507702965968415e-16 1.086309653795741664e-15 1.434335142081910070e-15 2.664535259100375697e-15 1.197674830661477730e+00 1.197674830661478174e+00 1.197674830661478396e+00 1.593512094361126730e+00 2.674760588375119763e+00
-2.660482102682357297e+00 -1.586295994228958062e+00 -1.178855377050128439e+00 -1.178855377050125330e+00 -1.178855377050125330e+00 -6.734808789086425803e-17 -2.979642676383695158e-17 2.220446049250313081e-16 6.661338147750939243e-16 1.332267629550187849e-15 2.220446049250313081e-15 1.178855377050127995e+00 1.178855377050128217e+00 1.178855377050128439e+00 1.586295994228960504e+00 2.660482102682360850e+00
-2.647961496058687025e+00 -1.578266427251941550e+00 -1.160096978704798776e+00 -1.160096978704797444e+00 -1.160096978704797221e+00 -2.979806577718895907e-15 -1.289386486167819306e-16 7.234329521303864845e-17 1.776356839400250465e-15 1.776356839400250465e-15 3.826693960766405134e-15 1.160096978704797221e+00 1.160096978704797666e+00 1.160096978704797666e+00 1.578266427251945103e+00 2.647961496058691910e+00
-2.637262214781551428e+00 -1.569346364090947077e+00 -1.141402645870422949e+00 -1.141402645870420951e+00 -1.141402645870420951e+00 -1.926551648001372989e-17 9.618007099816079443e-17 3.212318405754365196e-16 1.110223024625156540e-15 1.776356839400250465e-15 1.977509900492144759e-15 1.141402645870421617e+00 1.141402645870422505e+00 1.141402645870422505e+00 1.569346364090951296e+00 2.637262214781554981e+00
-2.628437001018468333e+00 -1.559469118539066113e+00 -1.122775578644280792e+00 -1.122775578644280348e+00 -1.122775578644280348e+00 -6.661338147750940229e-17 1.082467449009527726e-16 1.554312234475219157e-15 1.776356839400250465e-15 2.220446049250313081e-15 2.220446049250313081e-15 1.122775578644281014e+00 1.122775578644281014e+00 1.122775578644281236e+00 1.559469118539070109e+00 2.628437001018471442e+00
-2.621526179213723662e+00 -1.548580153462219666e+00 -1.104219181141135486e+00 -1.104219181141133266e+00 -1.104219181141133266e+00 -1.051207726592603466e-16 1.632340091044833843e-16 2.220446049250313081e-16 6.661338147750939243e-16 1.332267629550187849e-15 1.776356839400250465e-15 1.104219181141135486e+00 1.104219181141135486e+00 1.104219181141135708e+00 1.548580153462222775e+00 2.621526179213726770e+00
-2.616556376176822685e+00 -1.536638451389392923e+00 -1.085737076828456660e+00 -1.085737076828454883e+00 -1.085737076828453995e+00 -2.852863359418502388e-17 -2.004362373316562407e-17 0.000000000000000000e+00 1.110223024625156540e-15 1.110223024625156540e-15 2.220446049250313081e-15 1.085737076828455328e+00 1.085737076828455328e+00 1.085737076828455772e+00 1.536638451389395810e+00 2.616556376176825793e+00
-2.613539783090449209e+00 -1.523617341133758796e+00 -1.067333125130107030e+00 -1.067333125130105698e+00 -1.067333125130104365e+00 -3.653123555292334287e-17 2.612289469706251263e-17 2.220446049250313081e-16 1.332267629550187849e-15 1.554312234475219157e-15 2.220446049250313081e-15 1.067333125130106586e+00 1.067333125130106586e+00 1.067333125130106808e+00 1.523617341133762126e+00 2.613539783090451873e+00
-2.612474018331477854e+00 -1.509504721272161287e+00 -1.049011439403784829e+00 -1.049011439403783497e+00 -1.049011439403781276e+00 -9.992412094250963864e-17 0.000000000000000000e+00 5.655603404308946128e-17 8.881784197001252323e-16 8.881784197001252323e-16 1.776356839400250465e-15 1.049011439403784385e+00 1.049011439403784829e+00 1.049011439403784829e+00 1.509504721272164840e+00 2.612474018331482739e+00
-2.613342591591196307e+00 -1.494302679839454751e+00 -1.030776406404415146e+00 -1.030776406404415146e+00 -1.030776406404414702e+00 -1.275256176934301472e-16 -3.900783600034335856e-17 8.881784197001252323e-16 2.220446049250313081e-15 2.442490654175344389e-15 2.664535259100375697e-15 1.030776406404414702e+00 1.030776406404415146e+00 1.030776406404415368e+00 1.494302679839459191e+00 2.613342591591200303e+00
-2.616115912334187943e+00 -1.478026567160358073e+00 -1.012632707352473682e+00 -1.012632707352473238e+00 -1.012632707352472794e+00 -9.781012409974141646e-17 1.256202605485743277e-16 8.881784197001252323e-16 1.554312234475219157e-15 1.776356839400250465e-15 1.998401444325281773e-15 1.012632707352473238e+00 1.012632707352473460e+00 1.012632707352473460e+00 1.478026567160360294e+00 2.616115912334191940e+00
-2.620752738782342828e+00 -1.460703625710849440e+00 -9.945853407325074835e-01 -9.945853407325074835e-01 -9.945853407325065954e-01 -9.372698525635523799e-17 3.127694012119017026e-17 1.110223024625156540e-15 1.665334536937734811e-15 1.776356839400250465e-15 1.998401444325281773e-15 9.945853407325082607e-01 9.945853407325084827e-01 9.945853407325088158e-01 1.460703625710853215e+00 2.620752738782346380e+00
-2.627201934116124793e+00 -1.442371310507965187e+00 -9.766396469527547364e-01 -9.766396469527537372e-01 -9.766396469527519608e-01 -1.438041099490961264e-16 3.562418047976977222e-16 3.999251910028412999e-16 1.332267629550187849e-15 1.548187528464517421e-15 1.665334536937734811e-15 9.766396469527535151e-01 9.766396469527538482e-01 9.766396469527539592e-01 1.442371310507968518e+00 2.627201934116128346e+00
-2.635404386951843314e+00 -1.423075443268893459e+00 -9.588013350011563851e-01 -9.588013350011559410e-01 -9.588013350011557190e-01 -5.967448757360217391e-17 1.498801083243961428e-16 1.221245327087672194e-15 1.554312234475219157e-15 1.776356839400250465e-15 1.887379141862766119e-15 9.588013350011563851e-01 9.588013350011564961e-01 9.588013350011566072e-01 1.423075443268895901e+00 2.635404386951845979e+00
-2.645294961646953880e+00 -1.402868335192298588e+00 -9.410765112359349427e-01 -9.410765112359333884e-01 -9.410765112359329443e-01 -1.304934727674898571e-16 4.375729896864950235e-17 1.110223024625156540e-16 4.440892098500626162e-16 6.661338147750939243e-16 1.332267629550187849e-15 9.410765112359353868e-01 9.410765112359356088e-01 9.410765112359357198e-01 1.402868335192302585e+00 2.645294961646957432e+00
-2.656804365839163129e+00 -1.381806991463690348e+00 -9.234717104492148332e-01 -9.234717104492141670e-01 -9.234717104492137230e-01 -3.282570944337537946e-17 -1.173499984577885278e-17 5.551115123125782702e-16 8.881784197001252323e-16 9.992007221626408864e-16 1.332267629550187849e-15 9.234717104492153883e-01 9.234717104492154993e-01 9.234717104492156103e-01 1.381806991463693013e+00 2.656804365839166682e+00
-2.669860851783327771e+00 -1.359951481529682926e+00 -9.059939293394841942e-01 -9.059939293394841942e-01 -9.059939293394841942e-01 6.545015788337256261e-17 1.003108017625049842e-16 1.332267629550187849e-15 1.332267629550187849e-15 1.332267629550187849e-15 2.220446049250313081e-15 9.059939293394847493e-01 9.059939293394849713e-01 9.059939293394853044e-01 1.359951481529687589e+00 2.669860851783329103e+00
-2.684391698781616320e+00 -1.337363528556211101e+00 -8.886506625215555566e-01 -8.886506625215553345e-01 -8.886506625215551125e-01 -1.387778780781445676e-17 8.326672684688674053e-17 9.992007221626408864e-16 1.110223024625156540e-15 1.332267629550187849e-15 2.220446049250313081e-15 8.886506625215556676e-01 8.886506625215557786e-01 8.886506625215558897e-01 1.337363528556215764e+00 2.684391698781618985e+00
-2.700324451954716931e+00 -1.314105343637046897e+00 -8.714499411899683246e-01 -8.714499411899683246e-01 -8.714499411899676584e-01 1.624646236832851822e-16 2.616752661930441031e-16 1.443289932012703503e-15 1.443289932012703503e-15 1.665334536937734811e-15 2.664535259100375697e-15 8.714499411899686576e-01 8.714499411899691017e-01 8.714499411899693238e-01 1.314105343637050227e+00 2.700324451954718263e+00
-2.717587915192581249e+00 -1.290238707836355303e+00 -8.544003745317531040e-01 -8.544003745317528820e-01 -8.544003745317522158e-01 -2.459765858894587444e-16 5.342228005603315693e-17 1.221245327087672194e-15 1.221245327087672194e-15 1.554312234475219157e-15 2.664535259100375697e-15 8.544003745317531040e-01 8.544003745317532150e-01 8.544003745317532150e-01 1.290238707836358856e+00 2.717587915192582138e+00
-2.736112912402884678e+00 -1.265824288984131574e+00 -8.375111939550425877e-01 -8.375111939550414775e-01 -8.375111939550414775e-01 3.170847077153635459e-17 4.815995989096609600e-17 1.332267629550187849e-15 1.332267629550187849e-15 1.554312234475219157e-15 2.220446049250313081e-15 8.375111939550419216e-01 8.375111939550421436e-01 8.375111939550422546e-01 1.265824288984136015e+00 2.736112912402886455e+00
-2.755832841400353672e+00 -1.240921170042331934e+00 -8.207923001588157685e-01 -8.207923001588155465e-01 -8.207923001588148804e-01 -3.344741795431607165e-16 1.490910470724804134e-17 9.992007221626408864e-16 1.429635472012956608e-15 1.443289932012703503e-15 1.776356839400250465e-15 8.207923001588158796e-01 8.207923001588159906e-01 8.207923001588163237e-01 1.240921170042335486e+00 2.755832841400356337e+00
-2.776684049915876695e+00 -1.215586560859710730e+00 -8.042543130129914397e-01 -8.042543130129901074e-01 -8.042543130129898854e-01 -1.143251986568006966e-16 -7.822910717662492789e-17 3.330669073875469621e-16 6.661338147750939243e-16 1.443289932012703503e-15 2.220446049250313081e-15 8.042543130129919948e-01 8.042543130129922169e-01 8.042543130129922169e-01 1.215586560859715393e+00 2.776684049915879360e+00
-2.798606064497601409e+00 -1.189875663990667576e+00 -7.879086241436890070e-01 -7.879086241436878968e-01 -7.879086241436877858e-01 -1.170182582074951236e-15 -6.106226635438359000e-17 -2.220446049250319983e-17 1.110223024625156540e-15 1.332267629550187849e-15 1.628375875752680390e-15 7.879086241436880078e-01 7.879086241436882299e-01 7.879086241436883409e-01 1.189875663990672017e+00 2.798606064497602297e+00
-2.821541701758745635e+00 -1.163841666738369529e+00 -7.717674520216568634e-01 -7.717674520216547540e-01 -7.717674520216528666e-01 -1.757246352946276929e-15 -3.097188695306236575e-17 4.658439823685361111e-17 1.029965662029483955e-15 1.554312234475219157e-15 2.038676563198259101e-15 7.717674520216565304e-01 7.717674520216567524e-01 7.717674520216584177e-01 1.163841666738373526e+00 2.821541701758746523e+00
-2.845437088549901183e+00 -1.137535834646385524e+00 -7.558438992278763147e-01 -7.558438992278758706e-01 -7.558438992278756485e-01 -3.100935548716068498e-17 -1.408289470155897601e-18 1.221245327087672194e-15 1.221245327087672194e-15 1.332267629550187849e-15 2.220446049250313081e-15 7.558438992278763147e-01 7.558438992278763147e-01 7.558438992278766477e-01 1.137535834646389965e+00 2.845437088549901627e+00
-2.870241614003724351e+00 -1.111007685500543296e+00 -7.401520114138713247e-01 -7.401520114138713247e-01 -7.401520114138713247e-01 -3.615094316405323311e-17 7.258013615956623139e-17 1.221245327087672194e-15 1.221245327087672194e-15 1.443289932012703503e-15 2.664535259100375697e-15 7.401520114138713247e-01 7.401520114138715467e-01 7.401520114138717688e-01 1.111007685500547293e+00 2.870241614003727015e+00
-2.895907832581970265e+00 -1.084305226949668022e+00 -7.247068372797375035e-01 -7.247068372797370595e-01 -7.247068372797368374e-01 5.154361536045937581e-17 5.427451667412589393e-17 8.881784197001252323e-16 9.992007221626408864e-16 1.221245327087672194e-15 2.220446049250313081e-15 7.247068372797372815e-01 7.247068372797375035e-01 7.247068372797376146e-01 1.084305226949671130e+00 2.895907832581973818e+00
-2.922391333606710440e+00 -1.057475244750611942e+00 -7.095244886541967055e-01 -7.095244886541967055e-01 -7.095244886541964835e-01 -1.232046139318188483e-16 -1.557326414632572537e-17 9.992007221626408864e-16 9.992007221626408864e-16 1.221245327087672194e-15 2.220446049250313081e-15 7.095244886541968166e-01 7.095244886541971496e-01 7.095244886541971496e-01 1.057475244750615939e+00 2.922391333606713104e+00
-2.949650589479544838e+00 -1.030563632185305334e+00 -6.946221994724904869e-01 -6.946221994724894877e-01 -6.946221994724872673e-01 -1.070667990105442963e-15 -3.362694738047351981e-17 1.281026566875183468e-17 5.820045772743036951e-16 1.830004315720692445e-15 1.912035725308310690e-15 6.946221994724899318e-01 6.946221994724902649e-01 6.946221994724908200e-01 1.030563632185309331e+00 2.949650589479544838e+00
-2.977646791972336171e+00 -1.003615754288882389e+00 -6.800183821044838428e-01 -6.800183821044836208e-01 -6.800183821044836208e-01 8.386447373289604514e-17 1.741756433186540595e-16 8.881784197001252323e-16 9.992007221626408864e-16 1.110223024625156540e-15 3.108624468950438313e-15 6.800183821044837318e-01 6.800183821044838428e-01 6.800183821044840649e-01 1.003615754288885498e+00 2.977646791972337059e+00
-3.006343683625989804e+00 -9.766768431380454807e-01 -6.657326790837297947e-01 -6.657326790837295727e-01 -6.657326790837280184e-01 -1.064853511288096210e-16 4.078269947618805226e-17 3.330669073875469621e-16 7.771561172376095783e-16 9.992007221626408864e-16 2.220446049250313081e-15 6.657326790837293506e-01 6.657326790837293506e-01 6.657326790837294617e-01 9.766768431380490334e-01 3.006343683625991581e+00
-3.035707389391784972e+00 -9.497924225808986876e-01 -6.517860078277231128e-01 -6.517860078277224467e-01 -6.517860078277222247e-01 -5.151332560642737007e-17 -4.281226339981152801e-17 8.881784197001252323e-16 1.110223024625156540e-15 1.332267629550187849e-15 2.220446049250313081e-15 6.517860078277220026e-01 6.517860078277221136e-01 6.517860078277225577e-01 9.497924225809026844e-01 3.035707389391787192e+00
-3.065706252143276078e+00 -9.230087624554852432e-01 -6.382005954243545887e-01 -6.382005954243537005e-01 -6.382005954243534784e-01 -1.434933157906378196e-15 -1.021371334392198080e-16 -7.068469285496959876e-17 7.771561172376095783e-16 1.900961460220426436e-15 2.664535259100375697e-15 6.382005954243538115e-01 6.382005954243539225e-01 6.382005954243541446e-01 9.230087624554901282e-01 3.065706252143277855e+00
-3.096310674516868477e+00 -8.963733635449449011e-01 -6.250000000000005551e-01 -6.250000000000003331e-01 -6.249999999999997780e-01 -1.264591995340988815e-16 -1.126748535108467867e-16 1.017133625211761980e-16 5.004190088872688335e-16 1.228433896695886285e-15 1.776356839400250465e-15 6.250000000000000000e-01 6.250000000000000000e-01 6.250000000000001110e-01 8.963733635449480097e-01 3.096310674516870254e+00
-3.127492968648054372e+00 -8.699354752261601043e-01 -6.122091146005588236e-01 -6.122091146005583795e-01 -6.122091146005543827e-01 6.661097240074988093e-17 1.109813434523757823e-16 2.717328571993351896e-16 8.881784197001252323e-16 1.221245327087672194e-15 1.260120230030896143e-15 6.122091146005586015e-01 6.122091146005590456e-01 6.122091146005601558e-01 8.699354752261641011e-01 3.127492968648055705e+00
-3.159227214704010578e+00 -8.437466479183886037e-01 -5.998541489395573523e-01 -5.998541489395567972e-01 -5.998541489395532444e-01 -3.210901688799800457e-16 -2.602085213965210642e-17 0.000000000000000000e+00 4.408673754748785689e-16 1.012723953915139643e-15 1.022352764451432469e-15 5.998541489395565751e-01 5.998541489395567972e-01 5.998541489395585735e-01 8.437466479183930446e-01 3.159227214704013242e+00
-3.191489128625181415e+00 -8.178613219044263971e-01 -5.879625838435640350e-01 -5.879625838435635909e-01 -5.879625838435631469e-01 2.974559801825892913e-17 1.419920261034450225e-16 9.992007221626408864e-16 1.110223024625156540e-15 1.221245327087672194e-15 1.776356839400250465e-15 5.879625838435638130e-01 5.879625838435639240e-01 5.879625838435639240e-01 8.178613219044290616e-01 3.191489128625184524e+00
-3.224255939139028637e+00 -7.923374526845745613e-01 -5.765630928181234571e-01 -5.765630928181234571e-01 -5.765630928181209036e-01 -1.421514175932266880e-17 -1.776840284838521597e-18 6.001719316554901794e-16 8.881784197001252323e-16 8.881784197001252323e-16 1.191093950360437127e-15 5.765630928181233461e-01 5.765630928181233461e-01 5.765630928181249004e-01 7.923374526845794463e-01 3.224255939139032190e+00
-3.257506273866107360e+00 -7.672371704518288205e-01 -5.656854249492374587e-01 -5.656854249492374587e-01 -5.656854249492372366e-01 -1.657087520165710489e-17 1.852243911213100671e-17 6.661338147750939243e-16 7.771561172376095783e-16 7.771561172376095783e-16 2.220446049250313081e-15 5.656854249492379028e-01 5.656854249492379028e-01 5.656854249492380138e-01 7.672371704518328173e-01 3.257506273866110025e+00
-3.291220054175946874e+00 -7.426274671664532256e-01 -5.553602434456393899e-01 -5.553602434456388348e-01 -5.553602434456355041e-01 -2.228942473916030011e-17 3.552650883380556388e-17 4.600549453710436955e-17 6.938749100391394084e-17 1.055218332990317010e-15 1.330810721858673727e-15 5.553602434456393899e-01 5.553602434456397230e-01 5.553602434456403891e-01 7.426274671664581106e-01 3.291220054175947762e+00
-3.325378398347410780e+00 -7.185808985802433213e-01 -5.456189146281490432e-01 -5.456189146281490432e-01 -5.456189146281474889e-01 -5.073355214987909588e-17 6.461133995769352182e-17 2.220446049250313081e-16 7.771561172376095783e-16 9.992007221626408864e-16 1.776356839400250465e-15 5.456189146281492652e-01 5.456189146281493763e-01 5.456189146281495983e-01 7.185808985802473181e-01 3.325378398347412112e+00
-3.359963532529386399e+00 -6.951762798547056477e-01 -5.364932432006924712e-01 -5.364932432006903618e-01 -5.364932432006883634e-01 -3.882203634963666635e-15 -4.536969091016262148e-17 2.668805347656493558e-19 7.845673081473670054e-16 8.739250816149644087e-16 2.811130829864354810e-15 5.364932432006949137e-01 5.364932432006969121e-01 5.364932432006985774e-01 6.951762798547100886e-01 3.359963532529388175e+00
-3.394958708970396977e+00 -6.724993415506297367e-01 -5.280151512977638850e-01 -5.280151512977629968e-01 -5.280151512977573347e-01 -1.345247869645855004e-15 6.967685749562363785e-17 9.696501641539843064e-17 9.600050260908018562e-16 1.233974866957309573e-15 1.641705620268146056e-15 5.280151512977633299e-01 5.280151512977634409e-01 5.280151512977639960e-01 6.724993415506355099e-01 3.394958708970399641e+00
-3.430348130980894972e+00 -6.506432972649900393e-01 -5.202163011671201431e-01 -5.202163011671199211e-01 -5.202163011671165904e-01 -2.367387331921288050e-17 -2.346978820439170445e-18 5.330348393891974473e-16 7.771561172376095783e-16 8.881784197001252323e-16 1.565887499381407963e-15 5.202163011671199211e-01 5.202163011671203652e-01 5.202163011671214754e-01 6.506432972649958124e-01 3.430348130980896748e+00
-3.466116884102384166e+00 -6.297092549267202521e-01 -5.131276644267002141e-01 -5.131276644266993259e-01 -5.131276644266971054e-01 -1.101435625748218797e-15 1.840057887042131327e-17 4.567576952347202343e-17 3.048497460053735035e-16 1.534286564649689114e-15 1.580110732699160378e-15 5.131276644266997700e-01 5.131276644266998810e-01 5.131276644267015463e-01 6.297092549267255812e-01 3.466116884102385498e+00
-3.502250872978137419e+00 -6.098063813407246236e-01 -5.067790445549221756e-01 -5.067790445549221756e-01 -5.067790445549191780e-01 -6.763757026940304396e-17 -2.148384830890540819e-17 2.602993612583814756e-16 8.881784197001252323e-16 8.881784197001252323e-16 1.616212228029755084e-15 5.067790445549222866e-01 5.067790445549225087e-01 5.067790445549231748e-01 6.098063813407299527e-01 3.502250872978136975e+00
-3.538736763447109634e+00 -5.910517058835655924e-01 -5.011985634456663785e-01 -5.011985634456661565e-01 -5.011985634456634919e-01 -7.374839030832128961e-18 4.120194681237988579e-17 8.881784197001252323e-16 9.992007221626408864e-16 1.310246571385770818e-15 1.538190565891960046e-15 5.011985634456666006e-01 5.011985634456668226e-01 5.011985634456679328e-01 5.910517058835718096e-01 3.538736763447109190e+00
-3.575561929413060280e+00 -5.735694281705927544e-01 -4.964121271685422165e-01 -4.964121271685408288e-01 -4.964121271685379422e-01 -3.927203764700662497e-15 -4.326604434200978347e-17 -3.306178860096974101e-17 5.369063475696411816e-16 1.286703531027114588e-15 2.946720379193471586e-15 4.964121271685457137e-01 4.964121271685472681e-01 4.964121271685492109e-01 5.735694281706003039e-01 3.575561929413059836e+00
-3.612714404072896013e+00 -5.574895825073347133e-01 -4.924428900898022987e-01 -4.924428900898009664e-01 -4.924428900897986905e-01 -2.220446049250313204e-17 6.383782391594652080e-17 2.892554113666032348e-16 7.575372149231678941e-16 1.577101783933131893e-15 5.138102986221450793e-15 4.924428900898009664e-01 4.924428900898074057e-01 4.924428900898074057e-01 5.574895825073413747e-01 3.612714404072897789e+00
-3.650182835120387548e+00 -5.429459182943339179e-01 -4.893107397145456949e-01 -4.893107397145450288e-01 -4.893107397145424198e-01 -4.590531448603870621e-15 4.019554454239335640e-17 5.738265098130203033e-17 1.619301318454801212e-15 2.024645239704016571e-15 2.328067022999604668e-15 4.893107397145503024e-01 4.893107397145506909e-01 4.893107397145536330e-01 5.429459182943423556e-01 3.650182835120388436e+00
-3.687956443572908860e+00 -5.300728915055454848e-01 -4.870318264754371351e-01 -4.870318264754364690e-01 -4.870318264754338600e-01 -1.267439570052878155e-15 -9.415170500671325578e-17 5.501200657998652106e-17 1.252669088061071863e-15 1.334202517479167965e-15 1.600995202050098681e-15 4.870318264754367465e-01 4.870318264754369686e-01 4.870318264754378568e-01 5.300728915055503698e-01 3.687956443572908416e+00
-3.726024985898944486e+00 -5.190017383947278518e-01 -4.856181627575291149e-01 -4.856181627575271165e-01 -4.856181627575237858e-01 -1.858215230748882342e-15 -6.938893903907228378e-17 0.000000000000000000e+00 5.882136696722995644e-16 1.410916465254123163e-15 3.496620766229832049e-15 4.856181627575295590e-01 4.856181627575340554e-01 4.856181627575347770e-01 5.190017383947336249e-01 3.726024985898947151e+00
-3.764378719152507102e+00 -5.098557235058933657e-01 -4.850773134253966168e-01 -4.850773134253961172e-01 -4.850773134253918428e-01 -2.761772430571538073e-16 -3.642919299551294898e-17 -2.081668171172168513e-17 1.195612873888519431e-15 1.341198842835424044e-15 1.480338452637560177e-15 4.850773134253960062e-01 4.850773134253961172e-01 4.850773134253962837e-01 5.098557235058995829e-01 3.764378719152507990e+00
-3.803008368847129006e+00 -5.027448124831153109e-01 -4.854121959736867886e-01 -4.854121959736850678e-01 -4.854121959736825698e-01 -2.758230018574159799e-15 2.220446049250313204e-17 5.846018114041840401e-17 6.947855373664916126e-16 1.260475768583300769e-15 3.363705105875798581e-15 4.854121959736888980e-01 4.854121959736921732e-01 4.854121959736945047e-01 5.027448124831219722e-01 3.803008368847130338e+00
-3.841905099326647921e+00 -4.977601910236177929e-01 -4.866210024238554199e-01 -4.866210024238533105e-01 -4.866210024238504239e-01 -2.832557957735979451e-15 2.543217341495238734e-18 1.567137915626124808e-17 3.570138406872374334e-16 9.726881060939678297e-16 5.183821352347619727e-15 4.866210024238565302e-01 4.866210024238600829e-01 4.866210024238606935e-01 4.977601910236217897e-01 3.841905099326650586e+00
-3.881060486412484245e+00 -4.949691917762786275e-01 -4.886972477925337066e-01 -4.886972477925326519e-01 -4.886972477925292657e-01 -3.533249279475956255e-16 -1.173489410219605252e-17 6.530723674265634321e-18 7.039672126969095304e-16 1.037492344528949652e-15 4.799126897468689038e-15 4.886972477925329850e-01 4.886972477925395353e-01 4.886972477925398128e-01 4.949691917762848448e-01 3.881060486412486910e+00
-3.920466492127747671e+00 -4.944112499767089330e-01 -4.916299421312716467e-01 -4.916299421312684825e-01 -4.916299421312667617e-01 2.775557561562887653e-18 5.273559366969494553e-17 9.167749529705306819e-17 2.268698881117648832e-16 1.061636583696170158e-15 5.648509168847313395e-15 4.916299421312705364e-01 4.916299421312768092e-01 4.916299421312773088e-01 4.944112499767152058e-01 3.920466492127750335e+00
-3.960115441317312523e+00 -4.960954458974218828e-01 -4.954038756408727373e-01 -4.954038756408704058e-01 -4.954038756408685185e-01 -5.115398966628488604e-15 3.709935076502573925e-17 4.351108075927149076e-17 7.406157162174527574e-16 1.280305083383839945e-15 2.206457387754817890e-15 4.954038756408763455e-01 4.954038756408775668e-01 4.954038756408801203e-01 4.960954458974276560e-01 3.960115441317314744e+00
-4.000000000000000000e+00 -5.000000000000000000e-01 -5.000000000000000000e-01 -5.000000000000000000e-01 -5.000000000000000000e-01 0.000000000000000000e+00 0.000000000000000000e+00 0.000000000000000000e+00 0.000000000000000000e+00 0.000000000000000000e+00 0.000000000000000000e+00 5.000000000000000000e-01 5.000000000000000000e-01 5.000000000000000000e-01 5.000000000000000000e-01 4.000000000000000000e+00
