-1.499999999999999289e+01 -1.299999999999999289e+01 -1.099999999999998934e+01 -8.999999999999982236e+00 -6.999999999999996447e+00 -4.999999999999996447e+00 -2.999999999999996447e+00 -1.000000000000003553e+00 1.000000000000001776e+00 3.000000000000003553e+00 5.000000000000000000e+00 7.000000000000010658e+00 9.000000000000003553e+00 1.100000000000000533e+01 1.300000000000000355e+01 1.500000000000000000e+01
-1.485003311934750769e+01 -1.287017760777296616e+01 -1.089036099563443472e+01 -8.910498254456374667e+00 -6.930543904065253002e+00 -4.950484815997082677e+00 -2.970332995361662398e+00 -9.901183739179018062e-01 9.901183739179018062e-01 2.970332995361662398e+00 4.950484815997082677e+00 6.930543904065270766e+00 8.910498254456392431e+00 1.089036099563445603e+01 1.287017760777297504e+01 1.485003311934751835e+01
-1.470013386656917476e+01 -1.274071793637141425e+01 -1.078145908972525291e+01 -8.822013364243844080e+00 -6.862197130755607333e+00 -4.901957841132141169e+00 -2.941344422126302760e+00 -9.804778566922731642e-01 9.804778566922713878e-01 2.941344422126309865e+00 4.901957841132146498e+00 6.862197130755620655e+00 8.822013364243872502e+00 1.078145908972527778e+01 1.274071793637142314e+01 1.470013386656919074e+01
-1.455030445098746839e+01 -1.261163301047425733e+01 -1.067331825118075983e+01 -8.734576803815180313e+00 -6.794991829401851646e+00 -4.854445835253372366e+00 -2.913051655257117289e+00 -9.710844317570419548e-01 9.710844317570312967e-01 2.913051655257115513e+00 4.854445835253375918e+00 6.794991829401867633e+00 8.734576803815201629e+00 1.067331825118077759e+01 1.261163301047425556e+01 1.455030445098747549e+01
-1.440054726360045123e+01 -1.248293596962495400e+01 -1.056596433205798391e+01 -8.648221361741136093e+00 -6.728959847811626815e+00 -4.807973824960829035e+00 -2.885470115377778200e+00 -9.619432426283154314e-01 9.619432426283083259e-01 2.885470115377778200e+00 4.807973824960830811e+00 6.728959847811642803e+00 8.648221361741155633e+00 1.056596433205800523e+01 1.248293596962495755e+01 1.440054726360046544e+01
-1.425086489698927039e+01 -1.235464119764821334e+01 -1.045942525594711014e+01 -8.562981182945748060e+00 -6.664132532128650865e+00 -4.762564760501945216e+00 -2.858612966676350453e+00 -9.530584753747177729e-01 9.530584753747159965e-01 2.858612966676354006e+00 4.762564760501948768e+00 6.664132532128670405e+00 8.562981182945772929e+00 1.045942525594713324e+01 1.235464119764822222e+01 1.425086489698928283e+01
-1.410126016807367222e+01 -1.222676447101901331e+01 -1.035373122523426659e+01 -8.478891796093424915e+00 -6.600540489727666937e+00 -4.718239150559071504e+00 -2.832490816976726222e+00 -9.444332465391820364e-01 9.444332465391784837e-01 2.832490816976729775e+00 4.718239150559075057e+00 6.600540489727686477e+00 8.478891796093453337e+00 1.035373122523428613e+01 1.222676447101902397e+01 1.410126016807368821e+01
-1.395173614421880970e+01 -1.209932312951156419e+01 -1.024891494868222708e+01 -8.395990120394319689e+00 -6.538213309935105855e+00 -4.675014677554273135e+00 -2.807111426889488115e+00 -9.360694999658321080e-01 9.360694999658250026e-01 2.807111426889491668e+00 4.675014677554273135e+00 6.538213309935119177e+00 8.395990120394344558e+00 1.024891494868224306e+01 1.209932312951156597e+01 1.395173614421881858e+01
-1.380229617330254221e+01 -1.197233627312988169e+01 -1.014501189059843433e+01 -8.314314444656195846e+00 -6.477179237240120457e+00 -4.632905797305111761e+00 -2.782479435684455993e+00 -9.279679160692655415e-01 9.279679160692637652e-01 2.782479435684466651e+00 4.632905797305111761e+00 6.477179237240139109e+00 8.314314444656222491e+00 1.014501189059845743e+01 1.197233627312988524e+01 1.380229617330254932e+01
-1.365294391848600064e+01 -1.184582499014911683e+01 -1.004206054252794367e+01 -8.233904369691940062e+00 -6.417464791779417865e+00 -4.591923328275660410e+00 -2.758596112062155825e+00 -9.201278370043866062e-01 9.201278370043848298e-01 2.758596112062161154e+00 4.591923328275660410e+00 6.417464791779433853e+00 8.233904369691961378e+00 1.004206054252796676e+01 1.184582499014912038e+01 1.365294391848600064e+01
-1.350368339859708122e+01 -1.171981262211472519e+01 -9.940102717840330726e+00 -8.154800703167351728e+00 -6.359094332344069400e+00 -4.552074037261251149e+00 -2.735459138272313240e+00 -9.125472109339050064e-01 9.125472109339032301e-01 2.735459138272316792e+00 4.552074037261245820e+00 6.359094332344075617e+00 8.154800703167371267e+00 9.940102717840343161e+00 1.171981262211472696e+01 1.350368339859708300e+01
-1.335451903524838180e+01 -1.159432507290263992e+01 -9.839183868670263067e+00 -8.077045293634350642e+00 -6.302089558087688559e+00 -4.513360230080396107e+00 -2.713062435967819042e+00 -9.052225581403572363e-01 9.052225581403590127e-01 2.713062435967819042e+00 4.513360230080403213e+00 6.302089558087708099e+00 8.077045293634370182e+00 9.839183868670284383e+00 1.159432507290265413e+01 1.335451903524839068e+01
-1.320545570808035585e+01 -1.146939117049658741e+01 -9.739353423276851274e+00 -8.000680787856337517e+00 -6.246468946650404419e+00 -4.475779357650432999e+00 -2.691396041733630895e+00 -8.981489610964690229e-01 8.981489610964743520e-01 2.691396041733645106e+00 4.475779357650440105e+00 6.246468946650424847e+00 8.000680787856360610e+00 9.739353423276872590e+00 1.146939117049659806e+01 1.320545570808037006e+01
-1.305649881986623662e+01 -1.134504309206143269e+01 -9.640665139808083595e+00 -7.925750292657225415e+00 -6.192247128699728265e+00 -4.439323649586560450e+00 -2.670446039351210388e+00 -8.913200798143225967e-01 8.913200798143208203e-01 2.670446039351213940e+00 4.439323649586558673e+00 6.192247128699738923e+00 7.925750292657249396e+00 9.640665139808104911e+00 1.134504309206143446e+01 1.305649881986624727e+01
-1.290765437366226998e+01 -1.122131686527602845e+01 -9.543177469425179638e+00 -7.852296919542224529e+00 -6.139434202073003277e+00 -4.403979789043519943e+00 -2.650194554529933910e+00 -8.847281928775814208e-01 8.847281928775849735e-01 2.650194554529942792e+00 4.403979789043527049e+00 6.139434202073022817e+00 7.852296919542251175e+00 9.543177469425197401e+00 1.122131686527603556e+01 1.290765437366228596e+01
-1.275892906476932787e+01 -1.109825296184363275e+01 -9.446953917392116651e+00 -7.780363187477677300e+00 -6.088034992905543064e+00 -4.369728643733756357e+00 -2.630619816072469419e+00 -8.783642635738928561e-01 8.783642635738928561e-01 2.630619816072476524e+00 4.369728643733759910e+00 6.088034992905564380e+00 7.780363187477701281e+00 9.446953917392139743e+00 1.109825296184363097e+01 1.275892906476933852e+01
-1.261033039103763898e+01 -1.097589700275527136e+01 -9.352063384587964379e+00 -7.709990256851110502e+00 -6.038048276409710979e+00 -4.336545068697947869e+00 -2.611696285286962294e+00 -8.722180295471826383e-01 8.722180295471826383e-01 2.611696285286964070e+00 4.336545068697944316e+00 6.038048276409718973e+00 7.709990256851126489e+00 9.352063384587982142e+00 1.097589700275526958e+01 1.261033039103764253e+01
-1.246186678606286691e+01 -1.085430059939251279e+01 -9.258580463325017718e+00 -7.641216966325131921e+00 -5.989465976302238204e+00 -4.304397796253859099e+00 -2.593394853006435241e+00 -8.662781134488763968e-01 8.662781134488799495e-01 2.593394853006440570e+00 4.304397796253859099e+00 5.989465976302244421e+00 7.641216966325161231e+00 9.258580463325037258e+00 1.085430059939252523e+01 1.246186678606288289e+01
-1.231354778118301496e+01 -1.073352236008308580e+01 -9.166585649559699789e+00 -7.574078644857095810e+00 -5.942272369081148753e+00 -4.273249427396027755e+00 -2.575683100947941284e+00 -8.605321512467689615e-01 8.605321512467742906e-01 2.575683100947944837e+00 4.273249427396034861e+00 5.942272369081162964e+00 7.574078644857119791e+00 9.166585649559721105e+00 1.073352236008309468e+01 1.231354778118302740e+01
-1.216538420402841325e+01 -1.061362909842310032e+01 -9.076165417590274842e+00 -7.508605674677227171e+00 -5.896443327050583605e+00 -4.243056536595805284e+00 -2.558525621499297742e+00 -8.549669342070025380e-01 8.549669342070060907e-01 2.558525621499297742e+00 4.243056536595810613e+00 5.896443327050597816e+00 7.508605674677253816e+00 9.076165417590290829e+00 1.061362909842310742e+01 1.216538420402842569e+01
-1.201738842390047424e+01 -1.049469728765963339e+01 -8.987412082021695170e+00 -7.444821788911429650e+00 -5.851945641550116761e+00 -4.213769898370024691e+00 -2.541884387537818313e+00 -8.495685601411651078e-01 8.495685601411704369e-01 2.541884387537823642e+00 4.213769898370037126e+00 5.851945641550126531e+00 7.444821788911448301e+00 8.987412082021716486e+00 1.049469728765963872e+01 1.201738842390048134e+01
-1.186957465774825238e+01 -1.037681481465721944e+01 -8.900423343958070888e+00 -7.382742101483909636e+00 -5.808736474349590395e+00 -4.185334839175180122e+00 -2.525719161744506280e+00 -8.443225893299306506e-01 8.443225893299395324e-01 2.525719161744511609e+00 4.185334839175190780e+00 5.808736474349596612e+00 7.382742101483928288e+00 8.900423343958085098e+00 1.037681481465722300e+01 1.186957465774825771e+01
-1.172195935541351197e+01 -1.026008309712667277e+01 -8.815301383038496752e+00 -7.322370888768814368e+00 -5.766762989431915898e+00 -4.157691712319131483e+00 -2.509987933248462255e+00 -8.392142006014200462e-01 8.392142006014289279e-01 2.509987933248471137e+00 4.157691712319141253e+00 5.766762989431920339e+00 7.322370888768830355e+00 8.815301383038509186e+00 1.026008309712667455e+01 1.172195935541351552e+01
-1.157456168978230870e+01 -1.014461963794793853e+01 -8.732151313649806568e+00 -7.263699173846100976e+00 -5.725962218016102057e+00 -4.130776487007844722e+00 -2.494647368454854686e+00 -8.342283433386956659e-01 8.342283433387045477e-01 2.494647368454863567e+00 4.130776487007858044e+00 5.725962218016111827e+00 7.263699173846116963e+00 8.732151313649833213e+00 1.014461963794794030e+01 1.157456168978232292e+01
-1.142740418753206022e+01 -1.003056109850658295e+01 -8.651078773416452705e+00 -7.206702206140400691e+00 -5.686261205241281758e+00 -4.104521435861570922e+00 -2.479653262659629931e+00 -8.293498816819582231e-01 8.293498816819688813e-01 2.479653262659640589e+00 4.104521435861583356e+00 5.686261205241290639e+00 7.206702206140416678e+00 8.651078773416474021e+00 1.003056109850658473e+01 1.142740418753206555e+01
-1.128051355088657637e+01 -9.918066974830617610e+00 -8.572186358603838485e+00 -7.151336981162108586e+00 -5.647577476229441729e+00 -4.078855898872250307e+00 -2.464960979558165732e+00 -8.245637278284565497e-01 8.245637278284583260e-01 2.464960979558165732e+00 4.078855898872256525e+00 5.647577476229447946e+00 7.151336981162118356e+00 8.572186358603854472e+00 9.918066974830615834e+00 1.128051355088658170e+01
-1.113392174272548552e+01 -9.807323948087615761e+00 -8.495568572907385985e+00 -7.097540003907456096e+00 -5.609819841622316616e+00 -4.053707096518071040e+00 -2.450525866965413968e+00 -8.198549620606581101e-01 8.198549620606705446e-01 2.450525866965419297e+00 4.053707096518083475e+00 5.609819841622329051e+00 7.097540003907464978e+00 8.495568572907405525e+00 9.807323948087621091e+00 1.113392174272549795e+01
-1.098766744065624046e+01 -9.698550940388406261e+00 -8.421304929594588984e+00 -7.045225558229796903e+00 -5.572889538442522550e+00 -4.029000961255846391e+00 -2.436303638871930133e+00 -8.152089378937503739e-01 8.152089378937503739e-01 2.436303638871931909e+00 4.029000961255855273e+00 5.572889538442528767e+00 7.045225558229806673e+00 8.421304929594597866e+00 9.698550940388402708e+00 1.098766744065624223e+01
-1.084179801707951896e+01 -9.592004812844677986e+00 -8.349450870287679294e+00 -6.994284791278207791e+00 -5.536681672829796952e+00 -4.004662955393706980e+00 -2.422250716198718123e+00 -8.106113714727136710e-01 8.106113714727207764e-01 2.422250716198716347e+00 4.004662955393715862e+00 5.536681672829806722e+00 6.994284791278213120e+00 8.349450870287689952e+00 9.592004812844674433e+00 1.084179801707951718e+01
-1.069637228343003699e+01 -9.487986453392903030e+00 -8.280026281234903252e+00 -6.944585939914833972e+00 -5.501086899843649292e+00 -3.980618844686160784e+00 -2.408324521087827463e+00 -8.060484150239108914e-01 8.060484150239179968e-01 2.408324521087831016e+00 3.980618844686175883e+00 5.501086899843659950e+00 6.944585939914849071e+00 8.280026281234919239e+00 9.487986453392913688e+00 1.069637228343004587e+01
-1.055146436768940887e+01 -9.386846649537723408e+00 -8.213001663622780057e+00 -6.895975994377828044e+00 -5.465993246367386149e+00 -3.956795400860674050e+00 -2.394483722066789610e+00 -8.015067147422048066e-01 8.015067147422172411e-01 2.394483722066796716e+00 3.956795400860687373e+00 5.465993246367395031e+00 6.895975994377831597e+00 8.213001663622794268e+00 9.386846649537725185e+00 1.055146436768941420e+01
-1.040716931044834936e+01 -9.288990524249072678e+00 -8.148282529583372735e+00 -6.848283993769602063e+00 -5.431287961194644964e+00 -3.933121012319073628e+00 -2.380688429759551639e+00 -7.969734539542976393e-01 7.969734539543029683e-01 2.380688429759555191e+00 3.933121012319087839e+00 5.431287961194654734e+00 6.848283993769609168e+00 8.148282529583385170e+00 9.288990524249074454e+00 1.040716931044835469e+01
-1.026361133060268926e+01 -9.194878292281423171e+00 -8.085693432223333588e+00 -6.801325967134694395e+00 -5.396859266452182169e+00 -3.909526189792728701e+00 -2.366900344825449309e+00 -7.924363827343743338e-01 7.924363827343796629e-01 2.366900344825453750e+00 3.909526189792742024e+00 5.396859266452189274e+00 6.801325967134701500e+00 8.085693432223344246e+00 9.194878292281426724e+00 1.026361133060269282e+01
-1.012095634640670205e+01 -9.105018503961881393e+00 -8.024964232643446493e+00 -6.754911279955711834e+00 -5.362597890149423563e+00 -3.885943961887306841e+00 -2.353082861380936919e+00 -7.878838353647719117e-01 7.878838353647825699e-01 2.353082861380944912e+00 3.885943961887316611e+00 5.362597890149435997e+00 6.754911279955712722e+00 8.024964232643453599e+00 9.105018503961881393e+00 1.012095634640670383e+01
-9.979431465705184578e+00 -9.019947633576164137e+00 -7.965722651892887640e+00 -6.708849852064462382e+00 -5.328398282047288603e+00 -3.862310163265989971e+00 -2.339201130244404681e+00 -7.833047371445065465e-01 7.833047371445207574e-01 2.339201130244419780e+00 3.862310163266006846e+00 5.328398282047301926e+00 6.708849852064475705e+00 7.965722651892900075e+00 9.019947633576167689e+00 9.979431465705189908e+00
-9.839356207050547809e+00 -8.940186764522161766e+00 -7.907498442226918556e+00 -6.662959439778420645e+00 -5.294159452414005429e+00 -3.838563624783454031e+00 -2.325222086947006161e+00 -7.786886020711030199e-01 7.786886020711101253e-01 2.325222086947014155e+00 3.838563624783462913e+00 5.294159452414010758e+00 6.662959439778422421e+00 7.907498442226922997e+00 8.940186764522163543e+00 9.839356207050551362e+00
-9.701193976957364740e+00 -8.866162218746604040e+00 -7.849744777142538155e+00 -6.617071999481831668e+00 -5.259785420788652743e+00 -3.814646279491780589e+00 -2.311114449625524259e+00 -7.740255228763395223e-01 7.740255228763466278e-01 2.311114449625530476e+00 3.814646279491792136e+00 5.259785420788658072e+00 6.617071999481832556e+00 7.849744777142539931e+00 8.866162218746611146e+00 9.701193976957361187e+00
-9.565639180400641095e+00 -8.798072081576059134e+00 -7.791880460109620543e+00 -6.571038142010600325e+00 -5.225185312500768120e+00 -3.790503200692718622e+00 -2.296848691746292914e+00 -7.693061548054007659e-01 7.693061548054114240e-01 2.296848691746299131e+00 3.790503200692732833e+00 5.225185312500779666e+00 6.571038142010609207e+00 7.791880460109622319e+00 8.798072081576060910e+00 9.565639180400648200e+00
-9.433767014420730845e+00 -8.735673888036767920e+00 -7.733351324554963213e+00 -6.524728882535333341e+00 -5.190273186239988235e+00 -3.766082588062014125e+00 -2.282396994210271757e+00 -7.645216944087493971e-01 7.645216944087636080e-01 2.282396994210283303e+00 3.766082588062030112e+00 5.190273186239998893e+00 6.524728882535343111e+00 7.733351324554976536e+00 8.735673888036780355e+00 9.433767014420734398e+00
-9.307288282098109988e+00 -8.677960839189903908e+00 -7.673701397768876831e+00 -6.478034271381543974e+00 -5.154967708710351815e+00 -3.741335715628570924e+00 -2.267733180870553866e+00 -7.596638544826905814e-01 7.596638544826994632e-01 2.267733180870566301e+00 3.741335715628586911e+00 5.154967708710364249e+00 6.478034271381557296e+00 7.673701397768883936e+00 8.677960839189918119e+00 9.307288282098117094e+00
-9.188948646315717284e+00 -8.622703375055875696e+00 -7.612637354289313762e+00 -6.430858989013655602e+00 -5.119191806412588974e+00 -3.716216851652900388e+00 -2.252832640953547738e+00 -7.547248361572407305e-01 7.547248361572496123e-01 2.252832640953561061e+00 3.716216851652915487e+00 5.119191806412601409e+00 6.430858989013663596e+00 7.612637354289316427e+00 8.622703375055881025e+00 9.188948646315719060e+00
-9.082987231921361371e+00 -8.565958411818368035e+00 -7.550068306867515844e+00 -6.383115508885024880e+00 -5.082872416723507314e+00 -3.690683156009749055e+00 -2.237672241390058048e+00 -7.496972989965975387e-01 7.496972989966028678e-01 2.237672241390069594e+00 3.690683156009760602e+00 5.082872416723517972e+00 6.383115508885026657e+00 7.550068306867517620e+00 8.565958411818378693e+00 9.082987231921364923e+00
-8.995082435937447940e+00 -8.502128674643707029e+00 -7.486109487291585651e+00 -6.334715887763511688e+00 -5.045940430813267596e+00 -3.664694556404386461e+00 -2.222230231678096857e+00 -7.445743298501739105e-01 7.445743298501845686e-01 2.222230231678111956e+00 3.664694556404398895e+00 5.045940430813283584e+00 6.334715887763524123e+00 7.486109487291589204e+00 8.502128674643719464e+00 8.995082435937453269e+00
-8.930603836759210878e+00 -8.425751914520546393e+00 -7.421049699558071922e+00 -6.285563576465891700e+00 -5.008330873021053620e+00 -3.638213601448523349e+00 -2.206486143629570407e+00 -7.393494110726361868e-01 7.393494110726432922e-01 2.206486143629582841e+00 3.638213601448536672e+00 5.008330873021068719e+00 6.285563576465902358e+00 7.421049699558079027e+00 8.425751914520558827e+00 8.930603836759221537e+00
-8.891489411185707681e+00 -8.334690025677526037e+00 -7.355291763016465367e+00 -6.235546824691196477e+00 -4.969983301580635171e+00 -3.611205286925358138e+00 -2.190420688181974995e+00 -7.340163886180999242e-01 7.340163886181088060e-01 2.190420688181983877e+00 3.611205286925365243e+00 4.969983301580645829e+00 6.235546824691203582e+00 7.355291763016466255e+00 8.334690025677533143e+00 8.891489411185711234e+00
-8.875354062285603973e+00 -8.231098843618658734e+00 -7.289277663654635475e+00 -6.184535258280510206e+00 -4.930842352896279479e+00 -3.583636851855358074e+00 -2.174015651345531097e+00 -7.285694404060869545e-01 7.285694404060976126e-01 2.174015651345545308e+00 3.583636851855368732e+00 4.930842352896286584e+00 6.184535258280517311e+00 7.289277663654635475e+00 8.231098843618669392e+00 8.875354062285602197e+00
-8.877892514709694538e+00 -8.119106532858276992e+00 -7.223406215897442806e+00 -6.132380993894432919e+00 -4.890858296096203262e+00 -3.555477543289761400e+00 -2.157253791252145447e+00 -7.230030452532059115e-01 7.230030452532130170e-01 2.157253791252163211e+00 3.555477543289773834e+00 4.890858296096213920e+00 6.132380993894436472e+00 7.223406215897437477e+00 8.119106532858275216e+00 8.877892514709701643e+00
-8.895158605965837850e+00 -8.002616438047999381e+00 -7.157944630902184358e+00 -6.078925160425338703e+00 -4.849987426441199290e+00 -3.526698352830910821e+00 -2.140118738117362085e+00 -7.173119525655664575e-01 7.173119525655788919e-01 2.140118738117378960e+00 3.526698352830918815e+00 4.849987426441209060e+00 6.078925160425344032e+00 7.157944630902187022e+00 8.002616438047997605e+00 8.895158605965843179e+00
-8.924224759047085342e+00 -7.884734161320107404e+00 -7.092930578633442451e+00 -6.024009866802350288e+00 -4.808192113714117255e+00 -3.497271733129778681e+00 -2.122594898668888064e+00 -7.114911528935206064e-01 7.114911528935294882e-01 2.122594898668902275e+00 3.497271733129791116e+00 4.808192113714130578e+00 6.024009866802359170e+00 7.092930578633450445e+00 7.884734161320114509e+00 8.924224759047094224e+00
-8.963032014949963155e+00 -7.768013037640645990e+00 -7.028061434049799772e+00 -5.967494527308630836e+00 -4.765440340033388011e+00 -3.467171308220166281e+00 -2.104667366197309875e+00 -7.055358493643879569e-01 7.055358493643915097e-01 2.104667366197322309e+00 3.467171308220173387e+00 4.765440340033394229e+00 5.967494527308637942e+00 7.028061434049800660e+00 7.768013037640646878e+00 8.963032014949970261e+00
-9.010114594650351805e+00 -7.654830070748817050e+00 -6.962577091093891113e+00 -5.909274226205871727e+00 -4.721704611370569182e+00 -3.436371596543873252e+00 -2.086321836832702559e+00 -6.994414299349482889e-01 6.994414299349589470e-01 2.086321836832714993e+00 3.436371596543880358e+00 4.721704611370584281e+00 5.909274226205877945e+00 6.962577091093898218e+00 7.654830070748818827e+00 9.010114594650360687e+00
-9.064391910971034250e+00 -7.547668366998250278e+00 -6.895170685450914050e+00 -5.849296840305150624e+00 -4.676960204763073392e+00 -3.404847768880280512e+00 -2.067544531956903242e+00 -6.932034403465614503e-01 6.932034403465703321e-01 2.067544531956921006e+00 3.404847768880292058e+00 4.676960204763084938e+00 5.849296840305156842e+00 6.895170685450922043e+00 7.547668366998248501e+00 9.064391910971046684e+00
-9.125036018034588636e+00 -7.449214396613914602e+00 -6.824014398908548884e+00 -5.787575348433398048e+00 -4.631182811674534605e+00 -3.372575464159805136e+00 -2.048322125867620969e+00 -6.868175576264619053e-01 6.868175576264707871e-01 2.048322125867636956e+00 3.372575464159818459e+00 4.631182811674547928e+00 5.787575348433405154e+00 6.824014398908557766e+00 7.449214396613919931e+00 9.125036018034592189e+00
-9.191390083995271354e+00 -7.362163201738832541e+00 -6.747034428941237394e+00 -5.724192351465895001e+00 -4.584345748057272019e+00 -3.339530683537756062e+00 -2.028641676986580933e+00 -6.802795639626229018e-01 6.802795639626371127e-01 2.028641676986595144e+00 3.339530683537766720e+00 4.584345748057280900e+00 5.724192351465898554e+00 6.747034428941242723e+00 7.362163201738836982e+00 9.191390083995278459e+00
-9.262917694186871387e+00 -7.288696594880462953e+00 -6.662491655117845468e+00 -5.659295128290368737e+00 -4.536417013554785882e+00 -3.305689776651082212e+00 -2.008490560143595616e+00 -6.735853207876711934e-01 6.735853207876818516e-01 2.008490560143610715e+00 3.305689776651093759e+00 4.536417013554800093e+00 5.659295128290370513e+00 6.662491655117850797e+00 7.288696594880461177e+00 9.262917694186874940e+00
-9.339170404092490330e+00 -7.229884242788253701e+00 -6.569630504066386933e+00 -5.593081027005034400e+00 -4.487356585490699601e+00 -3.271029523600008204e+00 -1.987856396880822274e+00 -6.667307429401567731e-01 6.667307429401656549e-01 1.987856396880834708e+00 3.271029523600017974e+00 4.487356585490706706e+00 5.593081027005036177e+00 6.569630504066393151e+00 7.229884242788257254e+00 9.339170404092499211e+00
-9.419766236535888737e+00 -7.185473667910184048e+00 -6.468936003720751060e+00 -5.525774021628542698e+00 -4.437114415382229282e+00 -3.235527302316352660e+00 -1.966726980422455640e+00 -6.597117728258670155e-01 6.597117728258741209e-01 1.966726980422474291e+00 3.235527302316363318e+00 4.437114415382244381e+00 5.525774021628549804e+00 6.468936003720758166e+00 7.185473667910182272e+00 9.419766236535897619e+00
-9.504374918445153142e+00 -7.154236815554098072e+00 -6.361834043861463783e+00 -5.457593493538922758e+00 -4.385629639831496007e+00 -3.199161314599743733e+00 -1.945090192054777845e+00 -6.525243545711845172e-01 6.525243545711987281e-01 1.945090192054792055e+00 3.199161314599752615e+00 4.385629639831503113e+00 5.457593493538929863e+00 6.361834043861477994e+00 7.154236815554099849e+00 9.504374918445156695e+00
-9.592707400844609822e+00 -7.134544929739281116e+00 -6.250164550352668158e+00 -5.388715797039871802e+00 -4.332831500621082910e+00 -3.161910826809226194e+00 -1.922933906247267899e+00 -6.451644082360754595e-01 6.451644082360878940e-01 1.922933906247281222e+00 3.161910826809235076e+00 4.332831500621090903e+00 5.388715797039876243e+00 6.250164550352677040e+00 7.134544929739289998e+00 9.592707400844622256e+00
-9.684508190779810732e+00 -7.124799110246128109e+00 -6.135801530606219245e+00 -5.319228425000712690e+00 -4.278642362582870007e+00 -3.123756365112404509e+00 -1.900245882973182532e+00 -6.376278042223724185e-01 6.376278042223795239e-01 1.900245882973194966e+00 3.123756365112413391e+00 4.278642362582874448e+00 5.319228425000713578e+00 6.135801530606224574e+00 7.124799110246128997e+00 9.684508190779810732e+00
-9.779549588056809739e+00 -7.123622144130305145e+00 -6.020515528017641671e+00 -5.249076457099127069e+00 -4.222982996856918803e+00 -3.084679792826145572e+00 -1.877013647358335646e+00 -6.299103380589716750e-01 6.299103380589787804e-01 1.877013647358349857e+00 3.084679792826155342e+00 4.222982996856925908e+00 5.249076457099129733e+00 6.020515528017643447e+00 7.123622144130311362e+00 9.779549588056811515e+00
-9.877627250601568321e+00 -7.129892713076655397e+00 -5.905996684519960738e+00 -5.178002820333446721e+00 -4.165779953563273352e+00 -3.044664191408761766e+00 -1.853224358938252436e+00 -6.220077057503807794e-01 6.220077057503949902e-01 1.853224358938263094e+00 3.044664191408776865e+00 4.165779953563281346e+00 5.178002820333453826e+00 5.905996684519967843e+00 7.129892713076658062e+00 9.877627250601575426e+00
-9.978556711633865817e+00 -7.142713781771531600e+00 -5.793940109858315424e+00 -5.105489921708306511e+00 -4.106974409781187774e+00 -3.003693469665403626e+00 -1.828864675292866337e+00 -6.139154798210331165e-01 6.139154798210473274e-01 1.828864675292878772e+00 3.003693469665417837e+00 4.106974409781193103e+00 5.105489921708312728e+00 5.793940109858318088e+00 7.142713781771542259e+00 9.978556711633867593e+00
-1.008217059534754867e+01 -7.161366012671692260e+00 -5.686123634303410057e+00 -5.030723111567457551e+00 -4.046531421899336678e+00 -2.961751639952936443e+00 -1.803920617421004735e+00 -6.056290860562718592e-01 6.056290860562860701e-01 1.803920617421020722e+00 2.961751639952950654e+00 4.046531421899345560e+00 5.030723111567468209e+00 5.686123634303417163e+00 7.161366012671701142e+00 1.008217059534756110e+01
-1.018831635638002631e+01 -7.185265679260682603e+00 -5.584420371493548529e+00 -4.952615713549045395e+00 -3.984448149567471731e+00 -2.918821727368413832e+00 -1.778377446579018084e+00 -5.971437807173192169e-01 5.971437807173298751e-01 1.778377446579028742e+00 2.918821727368424490e+00 3.984448149567476172e+00 4.952615713549046284e+00 5.584420371493547641e+00 7.185265679260695926e+00 1.018831635638003519e+01
-1.029685441968093507e+01 -7.213931718450796282e+00 -5.490691666470139509e+00 -4.869947101558866009e+00 -3.920759463399408062e+00 -2.874884319257395404e+00 -1.752219564002643892e+00 -5.884546276817559374e-01 5.884546276817719246e-01 1.752219564002659880e+00 2.874884319257410503e+00 3.920759463399413391e+00 4.869947101558872227e+00 5.490691666470145726e+00 7.213931718450805164e+00 1.029685441968094040e+01
-1.040765663174052236e+01 -7.246961292631581841e+00 -5.406542285979810458e+00 -4.781634099707819274e+00 -3.855539451093370928e+00 -2.829915818433999419e+00 -1.725430445424555259e+00 -5.795564745337955515e-01 5.795564745338026569e-01 1.725430445424565917e+00 2.829915818434010966e+00 3.855539451093374481e+00 4.781634099707825492e+00 5.406542285979809570e+00 7.246961292631599605e+00 1.040765663174053124e+01
-1.052060495765437409e+01 -7.284011972790377598e+00 -5.333018514805592858e+00 -4.687058037377079600e+00 -3.788897641165130281e+00 -2.783886533916621886e+00 -1.697992620981402467e+00 -5.704439261107498993e-01 5.704439261107605574e-01 1.697992620981414902e+00 2.783886533916633432e+00 3.788897641165137387e+00 4.687058037377090258e+00 5.333018514805595522e+00 7.284011972790388256e+00 1.052060495765438297e+01
-1.063559037494367310e+01 -7.324788741732755071e+00 -5.270423166916163638e+00 -4.586275916193011781e+00 -3.720969111937248996e+00 -2.736758825732753309e+00 -1.669887707330289572e+00 -5.611113134342566866e-01 5.611113134342691211e-01 1.669887707330298454e+00 2.736758825732762190e+00 3.720969111937255214e+00 4.586275916193019775e+00 5.270423166916169855e+00 7.324788741732772834e+00 1.063559037494367487e+01
-1.075251192677089662e+01 -7.369034422500796211e+00 -5.218371603982387086e+00 -4.479993366633337359e+00 -3.651897849230357096e+00 -2.688485610111868596e+00 -1.641096491955288172e+00 -5.515526553659579889e-01 5.515526553659775288e-01 1.641096491955298831e+00 2.688485610111886359e+00 3.651897849230364201e+00 4.479993366633347129e+00 5.218371603982395079e+00 7.369034422500819304e+00 1.075251192677090195e+01
-1.087127590569594204e+01 -7.416522530287696924e+00 -5.176035473015698329e+00 -4.369354068584225814e+00 -3.581812624796855360e+00 -2.639009616934504976e+00 -1.611599059270902856e+00 -5.417616098043964712e-01 5.417616098044053530e-01 1.611599059270909962e+00 2.639009616934520963e+00 3.581812624796858913e+00 4.369354068584233808e+00 5.176035473015700106e+00 7.416522530287707582e+00 1.087127590569594027e+01
-1.099179514539032532e+01 -7.467051849257144269e+00 -5.142414785077027872e+00 -4.255706388444902899e+00 -3.510794324004161027e+00 -2.588263852354055317e+00 -1.581374934031931190e+00 -5.317314108861452837e-01 5.317314108861594946e-01 1.581374934031943624e+00 2.588263852354069527e+00 3.510794324004168132e+00 4.255706388444915333e+00 5.142414785077033201e+00 7.467051849257162921e+00 1.099179514539032887e+01
-1.111398840242410735e+01 -7.520442250966810960e+00 -5.116527402072309272e+00 -4.140459595207440557e+00 -3.438833390048227301e+00 -2.536173724589138700e+00 -1.550403200005591842e+00 -5.214547886044780256e-01 5.214547886044940128e-01 1.550403200005602500e+00 2.536173724589147582e+00 3.438833390048234406e+00 4.140459595207448551e+00 5.116527402072320818e+00 7.520442250966831388e+00 1.111398840242410380e+01
-1.123777981380392532e+01 -7.576531419059527650e+00 -5.097499792736840618e+00 -4.025046491719983521e+00 -3.365776745436754425e+00 -2.482661199128617824e+00 -1.518662531779153113e+00 -5.109238676736129747e-01 5.109238676736254092e-01 1.518662531779161995e+00 2.482661199128628482e+00 3.365776745436757977e+00 4.025046491719992403e+00 5.097499792736850388e+00 7.576531419059552519e+00 1.123777981380393420e+01
-1.136309841868128245e+01 -7.635172245481342657e+00 -5.084591028762538656e+00 -3.910957833332254552e+00 -3.291267053393136521e+00 -2.427651120077438662e+00 -1.486131056782244997e+00 -5.001300435273154932e-01 5.001300435273261513e-01 1.486131056782252102e+00 2.427651120077447544e+00 3.291267053393145403e+00 3.910957833332262545e+00 5.084591028762542209e+00 7.635172245481362197e+00 1.136309841868128423e+01
-1.148987773477937679e+01 -7.696230731911807510e+00 -5.077184358937078201e+00 -3.799802342851808845e+00 -3.214686716214252726e+00 -2.371079444845397788e+00 -1.452785946062471467e+00 -4.890638352255578525e-01 4.890638352255685106e-01 1.452785946062480349e+00 2.371079444845406670e+00 3.214686716214259832e+00 3.799802342851815951e+00 5.077184358937081754e+00 7.696230731911833267e+00 1.148987773477938390e+01
-1.161805538176199271e+01 -7.759584276956109861e+00 -5.074767803003068067e+00 -3.693340789596106788e+00 -3.135137738202121938e+00 -2.312902609730338455e+00 -1.418602620512512402e+00 -4.777147178954734841e-01 4.777147178954841422e-01 1.418602620512519508e+00 2.312902609730342007e+00 3.135137738202129043e+00 3.693340789596113005e+00 5.074767803003074285e+00 7.759584276956131177e+00 1.161805538176199981e+01
-1.174757274509548033e+01 -7.825120262077719602e+00 -5.076913875805496801e+00 -3.593431417892386293e+00 -3.051511654175456556e+00 -2.253106649517755855e+00 -1.383553460500428045e+00 -4.660709411952499437e-01 4.660709411952659309e-01 1.383553460500440480e+00 2.253106649517762960e+00 3.051511654175465438e+00 3.593431417892400503e+00 5.076913875805503018e+00 7.825120262077739142e+00 1.174757274509547500e+01
-1.187837467501946165e+01 -7.892734871967881816e+00 -5.083262101446127446e+00 -3.501832580517662663e+00 -2.962702106145151504e+00 -2.191714147225091835e+00 -1.347605930227961935e+00 -4.541193450010094779e-01 4.541193450010254651e-01 1.347605930227974369e+00 2.191714147225102494e+00 2.962702106145165715e+00 3.501832580517673321e+00 5.083262101446138992e+00 7.892734871967902244e+00 1.187837467501946520e+01
-1.201040921610087508e+01 -7.962332101172126642e+00 -5.093505048689657144e+00 -3.419886468896605081e+00 -2.867937884654287117e+00 -2.128786676091948493e+00 -1.310720086157758146e+00 -4.418451885520919831e-01 4.418451885521061939e-01 1.310720086157768804e+00 2.128786676091957375e+00 2.867937884654299552e+00 3.419886468896619292e+00 5.093505048689668691e+00 7.962332101172158616e+00 1.201040921610088041e+01
-1.214362736354482664e+01 -8.033822910393695338e+00 -5.107377534895537252e+00 -3.348240736194123102e+00 -2.767082629707372732e+00 -2.064420081824316355e+00 -1.272845548201898325e+00 -4.292320135201368458e-01 4.292320135201528331e-01 1.272845548201912536e+00 2.064420081824323461e+00 2.767082629707385166e+00 3.348240736194131983e+00 5.107377534895556792e+00 8.033822910393720207e+00 1.214362736354483552e+01
-1.227798284300951259e+01 -8.107124504349419780e+00 -5.124648370700841227e+00 -3.286797690473177269e+00 -2.660715037004790062e+00 -1.998729519482431272e+00 -1.233918193171428257e+00 -4.162615628188675032e-01 4.162615628188781614e-01 1.233918193171435362e+00 1.998729519482434824e+00 2.660715037004793615e+00 3.286797690473182598e+00 5.124648370700856326e+00 8.107124504349446426e+00 1.227798284300952503e+01
-1.241343191114491695e+01 -8.182159709298991501e+00 -5.145114044552771659e+00 -3.234914195124094505e+00 -2.549970607912927179e+00 -1.931820226581356437e+00 -1.193857100941924543e+00 -4.029137719761930470e-01 4.029137719762090342e-01 1.193857100941944083e+00 1.931820226581367095e+00 2.549970607912943166e+00 3.234914195124103387e+00 5.145114044552782318e+00 8.182159709299016370e+00 1.241343191114492583e+01
-1.254993317446805001e+01 -8.258856433037232492e+00 -5.168593858706367783e+00 -3.191693899435437132e+00 -2.436308820312346413e+00 -1.863738250554730413e+00 -1.152562648434278358e+00 -3.891668331310889073e-01 3.891668331311031181e-01 1.152562648434290793e+00 1.863738250554737519e+00 2.436308820312357071e+00 3.191693899435444237e+00 5.168593858706381994e+00 8.258856433037246703e+00 1.254993317446805001e+01
-1.268744742451553442e+01 -8.337147193672565848e+00 -5.194926145427062991e+00 -3.156214886368706729e+00 -2.321369917693267837e+00 -1.794393097375262869e+00 -1.109917064735991943e+00 -3.749972952324469588e-01 3.749972952324558406e-01 1.109917064736004377e+00 1.794393097375264645e+00 2.321369917693274942e+00 3.156214886368717387e+00 5.194926145427077202e+00 8.337147193672583612e+00 1.268744742451553620e+01
-1.282593748748985263e+01 -8.416968706217790697e+00 -5.223965289340110729e+00 -3.127646844041144902e+00 -2.206974082177643126e+00 -1.723444353219511171e+00 -1.065789103309308317e+00 -3.603800968303723096e-01 3.603800968303847441e-01 1.065789103309318975e+00 1.723444353219521830e+00 2.206974082177652008e+00 3.127646844041157337e+00 5.223965289340130269e+00 8.416968706217819118e+00 1.282593748748986506e+01
-1.296536808684811959e+01 -8.498261518109352153e+00 -5.255579355851821788e+00 -3.105286675272033392e+00 -2.095228697542392382e+00 -1.650156684524240802e+00 -1.020044486768643566e+00 -3.452883160367239412e-01 3.452883160367328230e-01 1.020044486768647118e+00 1.650156684524246131e+00 2.095228697542397711e+00 3.105286675272038721e+00 5.255579355851829781e+00 8.498261518109384127e+00 1.296536808684812137e+01
-1.310570571747947710e+01 -8.580969686403701502e+00 -5.289648179740627398e+00 -3.088553338273957394e+00 -1.988650101481271193e+00 -1.573276015935730854e+00 -9.725630190873726377e-01 -3.296922505431023609e-01 3.296922505431147954e-01 9.725630190873868486e-01 1.573276015935743288e+00 1.988650101481281851e+00 3.088553338273962723e+00 5.289648179740646938e+00 8.580969686403728147e+00 1.310570571747948776e+01
-1.324691853028573973e+01 -8.665040490685850472e+00 -5.326061807031841511e+00 -3.076968657756051329e+00 -1.890115378408475877e+00 -1.491086918591170374e+00 -9.232612550886312164e-01 -3.135571982737719310e-01 3.135571982737808128e-01 9.232612550886365455e-01 1.491086918591181032e+00 1.890115378408481206e+00 3.076968657756061987e+00 5.326061807031859274e+00 8.665040490685880670e+00 1.324691853028574506e+01
-1.338897622612287641e+01 -8.750424176748181182e+00 -5.364719211231443907e+00 -3.070136677866004860e+00 -1.802400631804518483e+00 -1.401888625544659206e+00 -8.721159635687634193e-01 -2.968390069647384166e-01 2.968390069647455221e-01 8.721159635687723011e-01 1.401888625544671640e+00 1.802400631804525588e+00 3.070136677865999530e+00 5.364719211231451013e+00 8.750424176748222038e+00 1.338897622612287996e+01
-1.353184995818545211e+01 -8.837073726917532568e+00 -5.405527225073226916e+00 -3.067725977343039645e+00 -1.727346334390514215e+00 -1.304857348041633003e+00 -8.191778870436525750e-01 -2.794761757544836911e-01 2.794761757544925729e-01 8.191778870436614568e-01 1.304857348041650766e+00 1.727346334390524873e+00 3.067725977343059185e+00 5.405527225073241127e+00 8.837073726917562766e+00 1.353184995818545389e+01
-1.367551224202195392e+01 -8.924944653571015962e+00 -5.448399643435459794e+00 -3.069455765408013903e+00 -1.665300989668976328e+00 -1.200665381118820818e+00 -7.645558890603982860e-01 -2.613772787199817316e-01 2.613772787199870606e-01 7.645558890604089441e-01 1.200665381118835029e+00 1.665300989668986986e+00 3.069455765408021009e+00 5.448399643435475781e+00 8.924944653571046160e+00 1.367551224202196636e+01
-1.381993687246158764e+01 -9.013994812920204325e+00 -5.493256463644270227e+00 -3.075085314949960846e+00 -1.615399855288378816e+00 -1.091342150752502960e+00 -7.083325106197069232e-01 -2.424034197063917873e-01 2.424034197063988927e-01 7.083325106197140286e-01 1.091342150752517171e+00 1.615399855288393027e+00 3.075085314949966175e+00 5.493256463644291543e+00 9.013994812920238076e+00 1.381993687246160540e+01
-1.396509884681288405e+01 -9.104184236584449863e+00 -5.540023237146312951e+00 -3.084406009348084510e+00 -1.576296115594688629e+00 -9.798441280594047953e-01 -6.503280172563936645e-01 -2.223488684699095330e-01 2.223488684699148621e-01 6.503280172563972172e-01 9.798441280594136771e-01 1.576296115594708169e+00 3.084406009348091615e+00 5.540023237146327162e+00 9.104184236584487167e+00 1.396509884681290359e+01
-1.411097429376448531e+01 -9.195474978838305447e+00 -5.588630512300252207e+00 -3.097235339923877007e+00 -1.546695670905842590e+00 -8.701440710500421005e-01 -5.895476201436888886e-01 -2.009317719818426440e-01 2.009317719818479731e-01 5.895476201436924413e-01 8.701440710500545350e-01 1.546695670905858577e+00 3.097235339923889441e+00 5.588630512300268194e+00 9.195474978838333868e+00 1.411097429376449952e+01
-1.425754040747921536e+01 -9.287830977719675474e+00 -5.639013352365534359e+00 -3.113412334177574792e+00 -1.525548825870417957e+00 -7.681052691040708424e-01 -5.231815612863393028e-01 -1.778236190737274569e-01 1.778236190737310096e-01 5.231815612863446319e-01 7.681052691040779479e-01 1.525548825870437497e+00 3.113412334177573015e+00 5.639013352365555676e+00 9.287830977719707448e+00 1.425754040747922780e+01
-1.440477538642606703e+01 -9.381217928437337150e+00 -5.691110916048994994e+00 -3.132794031698328041e+00 -1.512053462027184381e+00 -6.819242483545124855e-01 -4.462145486862922894e-01 -1.527651406649805921e-01 1.527651406649823684e-01 4.462145486863011712e-01 6.819242483545142619e-01 1.512053462027196815e+00 3.132794031698336923e+00 5.691110916049018087e+00 9.381217928437362019e+00 1.440477538642608302e+01
-1.455265837654163263e+01 -9.475603167726976750e+00 -5.744866090484190835e+00 -3.155252732357752166e+00 -1.505603849226766044e+00 -6.184968945032895959e-01 -3.552492116456562599e-01 -1.257903579697252638e-01 1.257903579697341456e-01 3.552492116456722471e-01 6.184968945032895959e-01 1.505603849226782032e+00 3.155252732357753942e+00 5.744866090484217480e+00 9.475603167727008724e+00 1.455265837654163796e+01
-1.470116941835367186e+01 -9.570955567983286727e+00 -5.800225168462880276e+00 -3.180673820173794297e+00 -1.505739945187233531e+00 -5.783424435708326428e-01 -2.545476346184134542e-01 -9.721086087442465384e-02 9.721086087442998291e-02 2.545476346184258887e-01 5.783424435708326428e-01 1.505739945187258400e+00 3.180673820173803179e+00 5.800225168462892711e+00 9.570955567983318701e+00 1.470116941835368785e+01
-1.485028939773658507e+01 -9.667245440145798341e+00 -5.857137563255772505e+00 -3.208954022078689405e+00 -1.512109843130311049e+00 -5.582302317802589897e-01 -1.602306092073195742e-01 -6.333589221720536955e-02 6.333589221721425133e-02 1.602306092073213506e-01 5.582302317802572134e-01 1.512109843130332365e+00 3.208954022078692958e+00 5.857137563255784940e+00 9.667245440145826763e+00 1.485028939773659573e+01
-1.500000000000000000e+01 -9.764444444444446702e+00 -5.915555555555553902e+00 -3.239999999999999769e+00 -1.524444444444444491e+00 -5.555555555555555802e-01 -1.200000000000000233e-01 -4.444444444444444441e-03 4.444444444444444441e-03 1.200000000000000233e-01 5.555555555555555802e-01 1.524444444444444491e+00 3.239999999999999769e+00 5.915555555555553902e+00 9.764444444444446702e+00 1.500000000000000000e+01
