-1.999999999999999645e+01 -1.799999999999995381e+01 -1.599999999999998934e+01 -1.399999999999997513e+01 -1.199999999999999645e+01 -9.999999999999996447e+00 -7.999999999999971578e+00 -5.999999999999989342e+00 -3.999999999999996447e+00 -2.000000000000000000e+00 3.552713678800500929e-15 2.000000000000003553e+00 4.000000000000007105e+00 6.000000000000007105e+00 8.000000000000001776e+00 9.999999999999998224e+00 1.200000000000000178e+01 1.400000000000000533e+01 1.600000000000000355e+01 1.800000000000000000e+01 2.000000000000000000e+01
-1.980000211999725934e+01 -1.782002261901774176e+01 -1.584009583252249342e+01 -1.386023979487798385e+01 -1.188043294637658676e+01 -9.900620944845250904e+00 -7.920739205278390926e+00 -5.940737146819554226e+00 -3.960595516043145636e+00 -1.980332745849562315e+00 3.552713678800500929e-15 1.980332745849572973e+00 3.960595516043165176e+00 5.940737146819582648e+00 7.920739205278431783e+00 9.900620944845256233e+00 1.188043294637659741e+01 1.386023979487801405e+01 1.584009583252251829e+01 1.782002261901778084e+01 1.980000211999727355e+01
-1.960000856749237741e+01 -1.764009142149488341e+01 -1.568038740440559664e+01 -1.372096949860154425e+01 -1.176175034508979778e+01 -9.802509705478346547e+00 -7.842986217694150497e+00 -5.882976089469824643e+00 -3.922402875516386445e+00 -1.961342047741243988e+00 0.000000000000000000e+00 1.961342047741258199e+00 3.922402875516397103e+00 5.882976089469849512e+00 7.842986217694180695e+00 9.802509705478357205e+00 1.176175034508981199e+01 1.372096949860157267e+01 1.568038740440560375e+01 1.764009142149492604e+01 1.960000856749239162e+01
-1.940001947938868554e+01 -1.746020790572798020e+01 -1.552088128267300604e+01 -1.358220593896902173e+01 -1.164398234668959020e+01 -9.705707308577387948e+00 -7.766785208583467437e+00 -5.826755146019852560e+00 -3.885448617164183105e+00 -1.943040973227923018e+00 0.000000000000000000e+00 1.943040973227930124e+00 3.885448617164200869e+00 5.826755146019875653e+00 7.766785208583499411e+00 9.705707308577396830e+00 1.164398234668959020e+01 1.358220593896903772e+01 1.552088128267300604e+01 1.746020790572801573e+01 1.940001947938868909e+01
-1.920003500061901747e+01 -1.728037368568491416e+01 -1.536158469988140496e+01 -1.344396792513501993e+01 -1.152716247765768287e+01 -9.610257814815884814e+00 -7.692180245012060880e+00 -5.772108104493767655e+00 -3.849752315318809792e+00 -1.925437416025612691e+00 3.552713678800500929e-15 1.925437416025612691e+00 3.849752315318824003e+00 5.772108104493781866e+00 7.692180245012091078e+00 9.610257814815893695e+00 1.152716247765768287e+01 1.344396792513504124e+01 1.536158469988142450e+01 1.728037368568495680e+01 1.920003500061904234e+01
-1.900005528482629913e+01 -1.710059050324534624e+01 -1.520250563646557751e+01 -1.330627650706721354e+01 -1.141132804756352215e+01 -9.516208535610456209e+00 -7.619214945864058564e+00 -5.719063382080506130e+00 -3.815325700364752493e+00 -1.908533582447059729e+00 3.552713678800500929e-15 1.908533582447066834e+00 3.815325700364759598e+00 5.719063382080522118e+00 7.619214945864086985e+00 9.516208535610466868e+00 1.141132804756352570e+01 1.330627650706723486e+01 1.520250563646558817e+01 1.710059050324539243e+01 1.900005528482630268e+01
-1.880008049512096591e+01 -1.692086024216455797e+01 -1.504365291664834814e+01 -1.316915527897913307e+01 -1.129652060821341308e+01 -9.423610222514234636e+00 -7.547932013506002846e+00 -5.667643100253815902e+00 -3.782171840771219706e+00 -1.892325589771946426e+00 7.105427357601001859e-15 1.892325589771949979e+00 3.782171840771230364e+00 5.667643100253828337e+00 7.547932013506034821e+00 9.423610222514236412e+00 1.129652060821341664e+01 1.316915527897915617e+01 1.504365291664835880e+01 1.692086024216460771e+01 1.880008049512098012e+01
-1.860011080492741797e+01 -1.674118494406445734e+01 -1.488503632065707194e+01 -1.303263073558199991e+01 -1.118278647068693843e+01 -9.332517211405878754e+00 -7.478372614022212872e+00 -5.617862080984330930e+00 -3.750284421430048809e+00 -1.876803203888840699e+00 0.000000000000000000e+00 1.876803203888840699e+00 3.750284421430055914e+00 5.617862080984343365e+00 7.478372614022239517e+00 9.332517211405869872e+00 1.118278647068693132e+01 1.303263073558201768e+01 1.488503632065707727e+01 1.674118494406449287e+01 1.860011080492741797e+01
-1.840014639893157167e+01 -1.656156682682007286e+01 -1.472666671665117022e+01 -1.289673269202560490e+01 -1.107017728595080897e+01 -9.242987497242381778e+00 -7.410575576922823871e+00 -5.569726776639438270e+00 -3.719647155871353306e+00 -1.861949738884007388e+00 7.105427357601001859e-15 1.861949738884010941e+00 3.719647155871363964e+00 5.569726776639452481e+00 7.410575576922857621e+00 9.242987497242383554e+00 1.107017728595081252e+01 1.289673269202562622e+01 1.472666671665118265e+01 1.656156682682011905e+01 1.840014639893158588e+01
-1.820018747414605542e+01 -1.638200830579194900e+01 -1.456855621661787836e+01 -1.276149478093561740e+01 -1.095875069393380485e+01 -9.155082706961511718e+00 -7.344576384495230315e+00 -5.523234155688925284e+00 -3.690233371151688146e+00 -1.847742134357545751e+00 3.552713678800500929e-15 1.847742134357542199e+00 3.690233371151691699e+00 5.523234155688934166e+00 7.344576384495256960e+00 9.155082706961522376e+00 1.095875069393381018e+01 1.276149478093564049e+01 1.456855621661788547e+01 1.638200830579198453e+01 1.820018747414605897e+01
-1.800023424111066461e+01 -1.620251201845674771e+01 -1.441071836159413877e+01 -1.262695504313422745e+01 -1.084857104416309781e+01 -9.068867927831437470e+00 -7.280405922506073324e+00 -5.478370577852388124e+00 -3.662005803176526797e+00 -1.834151217442926196e+00 3.552713678800500929e-15 1.834151217442929749e+00 3.662005803176533902e+00 5.478370577852402334e+00 7.280405922506099969e+00 9.068867927831444575e+00 1.084857104416310136e+01 1.262695504313425232e+01 1.441071836159414232e+01 1.620251201845677969e+01 1.800023424111067882e+01
-1.780028692525109690e+01 -1.602308085312043673e+01 -1.425316834300796742e+01 -1.249315663261819154e+01 -1.073971018774428288e+01 -8.984411335924544773e+00 -7.218088968948126904e+00 -5.435110705380800766e+00 -3.634916636321424477e+00 -1.821142146377471960e+00 3.552713678800500929e-15 1.821142146377471960e+00 3.634916636321429806e+00 5.435110705380811424e+00 7.218088968948155326e+00 8.984411335924546549e+00 1.073971018774428998e+01 1.249315663261820397e+01 1.425316834300797098e+01 1.602308085312046160e+01 1.780028692525110046e+01
-1.760034576842167553e+01 -1.584371798256493946e+01 -1.409592326881674396e+01 -1.236014866136146395e+01 -1.063224833478446030e+01 -8.901783554412830313e+00 -7.157642407406914487e+00 -5.393416510852400592e+00 -3.608907813986053981e+00 -1.808675021828218377e+00 7.105427357601001859e-15 1.808675021828218377e+00 3.608907813986062862e+00 5.393416510852409473e+00 7.157642407406937579e+00 8.901783554412837418e+00 1.063224833478447806e+01 1.236014866136148527e+01 1.409592326881675994e+01 1.584371798256496966e+01 1.760034576842168619e+01
-1.740041103066499417e+01 -1.566442690369663282e+01 -1.393900248561660149e+01 -1.222798721574442027e+01 -1.052627496210148905e+01 -8.821056654413890641e+00 -7.099073168012875357e+00 -5.353236454735476713e+00 -3.583911635959669439e+00 -1.796705641973478151e+00 3.552713678800500929e-15 1.796705641973476375e+00 3.583911635959671216e+00 5.353236454735482042e+00 7.099073168012898449e+00 8.821056654413887088e+00 1.052627496210149083e+01 1.222798721574444158e+01 1.393900248561660860e+01 1.566442690369666479e+01 1.740041103066501194e+01
-1.720048299222694510e+01 -1.548521148454678809e+01 -1.378242797123313679e+01 -1.209673658414682151e+01 -1.042188974149511438e+01 -8.742302693225710186e+00 -7.042375923416791750e+00 -5.314504916024731074e+00 -3.559851644406137439e+00 -1.785186368558708381e+00 3.552713678800500929e-15 1.785186368558708381e+00 3.559851644406149873e+00 5.314504916024738179e+00 7.042375923416805961e+00 8.742302693225719068e+00 1.042188974149512859e+01 1.209673658414684283e+01 1.378242797123315100e+01 1.548521148454682184e+01 1.720048299222696997e+01
-1.700056195587534802e+01 -1.530607602034579884e+01 -1.362622481680541497e+01 -1.196647074473727201e+01 -1.031920343653733241e+01 -8.665591668168346473e+00 -6.987530600923236079e+00 -5.277141964035902078e+00 -3.536643783604951352e+00 -1.774067064670692417e+00 7.105427357601001859e-15 1.774067064670697746e+00 3.536643783604956681e+00 5.277141964035914512e+00 6.987530600923255619e+00 8.665591668168350026e+00 1.031920343653733596e+01 1.196647074473729155e+01 1.362622481680541497e+01 1.530607602034582904e+01 1.700056195587534447e+01
-1.680064824958084913e+01 -1.512702530088602160e+01 -1.347042182350703143e+01 -1.183727517393450057e+01 -1.021833868243402677e+01 -8.590988752777921178e+00 -6.934499814963611897e+00 -5.241053556293518767e+00 -3.514197800555233897e+00 -1.763296061462618525e+00 7.105427357601001859e-15 1.763296061462622077e+00 3.514197800555242779e+00 5.241053556293518767e+00 6.934499814963619002e+00 8.590988752777922954e+00 1.021833868243402677e+01 1.183727517393450768e+01 1.347042182350703143e+01 1.512702530088604647e+01 1.680064824958085978e+01
-1.660074222963383761e+01 -1.494806469205018828e+01 -1.331505224749117744e+01 -1.170924904938859612e+01 -1.011943051465562604e+01 -8.518550681988127593e+00 -6.883226374804092274e+00 -5.206132233978461699e+00 -3.492418835872715732e+00 -1.752821110847641251e+00 7.105427357601001859e-15 1.752821110847643027e+00 3.492418835872719285e+00 5.206132233978465251e+00 6.883226374804102932e+00 8.518550681988143580e+00 1.011943051465563315e+01 1.170924904938861211e+01 1.331505224749119520e+01 1.494806469205022204e+01 1.660074222963385182e+01
-1.640084428428835039e+01 -1.476920023528119685e+01 -1.316015473839354399e+01 -1.158250793612918628e+01 -1.002262644236481393e+01 -8.448321173308229959e+00 -6.833631076386829761e+00 -5.172258361102201718e+00 -3.471209139072790606e+00 -1.742590284216152696e+00 7.105427357601001859e-15 1.742590284216158025e+00 3.471209139072790606e+00 5.172258361102207047e+00 6.833631076386833314e+00 8.448321173308226406e+00 1.002262644236482281e+01 1.158250793612920226e+01 1.316015473839354755e+01 1.476920023528121995e+01 1.640084428428835750e+01
-1.620095483804931646e+01 -1.459043877000349809e+01 -1.300577453325957222e+01 -1.145718705923147240e+01 -9.928085766307631843e+00 -8.380325324092481765e+00 -6.785611036661190809e+00 -5.139301916499888989e+00 -3.450469831328177861e+00 -1.732552783112204509e+00 3.552713678800500929e-15 1.732552783112209838e+00 3.450469831328183190e+00 5.139301916499892542e+00 6.785611036661192585e+00 8.380325324092488870e+00 9.928085766307642501e+00 1.145718705923148839e+01 1.300577453325957222e+01 1.459043877000352474e+01 1.620095483804932712e+01
-1.600107435675057133e+01 -1.441178808572579229e+01 -1.285196499130255177e+01 -1.133344527743792796e+01 -9.835977712775221704e+00 -8.314563025342028624e+00 -6.739038862169781652e+00 -5.107124801104099276e+00 -3.430102633766793474e+00 -1.722659635814991930e+00 3.552713678800500929e-15 1.722659635815000811e+00 3.430102633766800579e+00 5.107124801104102829e+00 6.739038862169786981e+00 8.314563025342037506e+00 9.835977712775235915e+00 1.133344527743794217e+01 1.285196499130255177e+01 1.441178808572582248e+01 1.600107435675058909e+01
-1.580120335361353057e+01 -1.423325711297990992e+01 -1.269878958881880138e+01 -1.121146987230960335e+01 -9.746477794452975019e+00 -8.251001594343378542e+00 -6.693762946669156833e+00 -5.075583571414519213e+00 -3.410011481319809690e+00 -1.712864263008199828e+00 5.329070518200751394e-15 1.712864263008205157e+00 3.410011481319811466e+00 5.075583571414515660e+00 6.693762946669153280e+00 8.251001594343382095e+00 9.746477794452983900e+00 1.121146987230961045e+01 1.269878958881880315e+01 1.423325711297994012e+01 1.580120335361353412e+01
-1.560134239653368304e+01 -1.405485616572799223e+01 -1.254632454306859835e+01 -1.109148224234714952e+01 -9.659761624314301187e+00 -8.189568060356586798e+00 -6.649609150454557138e+00 -5.044532460395179996e+00 -3.390103951127324322e+00 -1.703122905219283112e+00 3.552713678800500929e-15 1.703122905219288441e+00 3.390103951127327875e+00 5.044532460395183548e+00 6.649609150454551809e+00 8.189568060356595680e+00 9.659761624314320727e+00 1.109148224234716196e+01 1.254632454306860367e+01 1.405485616572801355e+01 1.560134239653368837e+01
-1.540149211692064490e+01 -1.387659725293396029e+01 -1.239466230699630422e+01 -1.097374451435464060e+01 -9.575995229026558420e+00 -8.130141833267499507e+00 -6.606384015920552244e+00 -5.013826507165719093e+00 -3.370292449668928825e+00 -1.693394913580954508e+00 7.105427357601001859e-15 1.693394913580966943e+00 3.370292449668941259e+00 5.013826507165724422e+00 6.606384015920550468e+00 8.130141833267506613e+00 9.575995229026574407e+00 1.097374451435466014e+01 1.239466230699631666e+01 1.387659725293399049e+01 1.540149211692066089e+01
-1.520165322052527657e+01 -1.369849448450484530e+01 -1.224391628582861813e+01 -1.085856690706958716e+01 -9.495320797501200616e+00 -8.072548811461221163e+00 -6.563879518159442483e+00 -4.983324594402745333e+00 -3.350495122359319566e+00 -1.683642912991803797e+00 7.105427357601001859e-15 1.683642912991819784e+00 3.350495122359330225e+00 4.983324594402755991e+00 6.563879518159437154e+00 8.072548811461226492e+00 9.495320797501211274e+00 1.085856690706959249e+01 1.224391628582861991e+01 1.369849448450487905e+01 1.520165322052528367e+01
-1.500182650084039082e+01 -1.352056460816059413e+01 -1.209422729144678144e+01 -1.074631532220742258e+01 -9.417836875902214189e+00 -8.016558270063175229e+00 -6.521879149039477852e+00 -4.952892192766189083e+00 -3.330636471008741495e+00 -1.673832852459888443e+00 5.329070518200751394e-15 1.673832852459900877e+00 3.330636471008750377e+00 4.952892192766197965e+00 6.521879149039476076e+00 8.016558270063184111e+00 9.417836875902235505e+00 1.074631532220743679e+01 1.209422729144679387e+01 1.352056460816062788e+01 1.500182650084039793e+01
-1.480201285587971505e+01 -1.334282773132478361e+01 -1.194577250152501158e+01 -1.063741796183496113e+01 -9.343572469745980769e+00 -7.961883998651943628e+00 -6.480164918047977451e+00 -4.922403636641037750e+00 -3.310647685788490335e+00 -1.663933961093865932e+00 5.329070518200751394e-15 1.663933961093873037e+00 3.310647685788506323e+00 4.922403636641046631e+00 6.480164918047970346e+00 7.961883998651948069e+00 9.343572469746003861e+00 1.063741796183497712e+01 1.194577250152501868e+01 1.334282773132481204e+01 1.480201285587972215e+01
-1.460221330945672413e+01 -1.316530830984437550e+01 -1.179877807459412331e+01 -1.053236858027638512e+01 -9.272455588940870186e+00 -7.908190984714865479e+00 -6.438524666775956362e+00 -4.891743802298686106e+00 -3.290466716883249987e+00 -1.653918629895633430e+00 1.776356839400250465e-15 1.653918629895654746e+00 3.290466716883253540e+00 4.891743802298698540e+00 6.438524666775954586e+00 7.908190984714877914e+00 9.272455588940889726e+00 1.053236858027640288e+01 1.179877807459414285e+01 1.316530830984440925e+01 1.460221330945673657e+01
-1.440242903855621748e+01 -1.298803653030107697e+01 -1.165353715814386248e+01 -1.043172202375295754e+01 -9.204278733252905909e+00 -7.855108339649465421e+00 -6.396758983686048339e+00 -4.860809121385106124e+00 -3.270038125139961949e+00 -1.643762239438295580e+00 1.776356839400250465e-15 1.643762239438308015e+00 3.270038125139967278e+00 4.860809121385118559e+00 6.396758983686032352e+00 7.855108339649469862e+00 9.204278733252930778e+00 1.043172202375297530e+01 1.165353715814387137e+01 1.298803653030110183e+01 1.440242903855622636e+01
-1.420266140910453245e+01 -1.281105028769786713e+01 -1.151043590498269253e+01 -1.033607478079656872e+01 -9.138666773974271962e+00 -7.802248108648285552e+00 -6.354687008417112537e+00 -4.829507929915241249e+00 -3.249312759783286708e+00 -1.633442952042244656e+00 1.776356839400250465e-15 1.633442952042264196e+00 3.249312759783300919e+00 4.829507929915255460e+00 6.354687008417101879e+00 7.802248108648289104e+00 9.138666773974291502e+00 1.033607478079658470e+01 1.151043590498270852e+01 1.281105028769789733e+01 1.420266140910454133e+01
-1.400291202355070475e+01 -1.263439808954158572e+01 -1.136999136723398429e+01 -1.024601944878628679e+01 -9.075056293458095169e+00 -7.749228245561999628e+00 -6.312150542093492689e+00 -4.797760215603579681e+00 -3.228247314503386534e+00 -1.622941484612509200e+00 3.552713678800500929e-15 1.622941484612523411e+00 3.228247314503395415e+00 4.797760215603588563e+00 6.312150542093484695e+00 7.749228245561996076e+00 9.075056293458112933e+00 1.024601944878630633e+01 1.136999136723398252e+01 1.263439808954160881e+01 1.400291202355070297e+01
-1.380318278543043498e+01 -1.245814344802967888e+01 -1.123290671941846064e+01 -1.016205822888642807e+01 -9.012698451841137270e+00 -7.695696730912070294e+00 -6.269016111687976789e+00 -4.765496875850645964e+00 -3.206803811472331844e+00 -1.612240875292895836e+00 7.105427357601001859e-15 1.612240875292920705e+00 3.206803811472347832e+00 4.765496875850658398e+00 6.269016111687977677e+00 7.695696730912080064e+00 9.012698451841156810e+00 1.016205822888644761e+01 1.123290671941847840e+01 1.245814344802970908e+01 1.380318278543044386e+01
-1.360347598896624888e+01 -1.228237175064754894e+01 -1.110015057040672559e+01 -1.008445930714209027e+01 -8.950697418180357801e+00 -7.641353049846035361e+00 -6.225174924591826198e+00 -4.732658629583170296e+00 -3.184949057145029627e+00 -1.601326253906876218e+00 3.552713678800500929e-15 1.601326253906895758e+00 3.184949057145036733e+00 4.732658629583182730e+00 6.225174924591819980e+00 7.641353049846033585e+00 8.950697418180375564e+00 1.008445930714210093e+01 1.110015057040672914e+01 1.228237175064757025e+01 1.360347598896624710e+01
-1.340379444662607256e+01 -1.210720143271645100e+01 -1.097306579200778032e+01 -1.001304616176091500e+01 -8.888090261266295755e+00 -7.585963418742203146e+00 -6.180540933509199419e+00 -4.699194736650223803e+00 -3.162654105344682165e+00 -1.590184623094899052e+00 3.552713678800500929e-15 1.590184623094916816e+00 3.162654105344696376e+00 4.699194736650234461e+00 6.180540933509189649e+00 7.585963418742206699e+00 8.888090261266317071e+00 1.001304616176092566e+01 1.097306579200779453e+01 1.210720143271647942e+01 1.340379444662607433e+01
-1.320414167609544798e+01 -1.193280298113724136e+01 -1.085350228369403958e+01 -9.946931357584956501e+00 -8.823960597236260028e+00 -7.529367316699806523e+00 -6.135047456993186543e+00 -4.665061670220636003e+00 -3.139893753462741799e+00 -1.578804654344525105e+00 7.105427357601001859e-15 1.578804654344549974e+00 3.139893753462759562e+00 4.665061670220651990e+00 6.135047456993190984e+00 7.529367316699813628e+00 8.823960597236286674e+00 9.946931357584976041e+00 1.085350228369405201e+01 1.193280298113727333e+01 1.320414167609546574e+01
-1.300452218369161450e+01 -1.175943300233678634e+01 -1.074393102127197785e+01 -9.884254904641677442e+00 -8.757561222209440999e+00 -7.471474686453573710e+00 -6.088642933505495236e+00 -4.630221864630387429e+00 -3.116646087824415545e+00 -1.567176500876030332e+00 0.000000000000000000e+00 1.567176500876039213e+00 3.116646087824420874e+00 4.630221864630392758e+00 6.088642933505489907e+00 7.471474686453581704e+00 8.757561222209456986e+00 9.884254904641689876e+00 1.074393102127198851e+01 1.175943300233680944e+01 1.300452218369162161e+01
-1.280494191104317991e+01 -1.158749918846547899e+01 -1.064740962274751723e+01 -9.822074282989561311e+00 -8.688410592782460640e+00 -7.412255004269528769e+00 -6.041286418925196244e+00 -4.594642628639526549e+00 -3.092892085353462051e+00 -1.555291627651266495e+00 3.552713678800500929e-15 1.555291627651284259e+00 3.092892085353470932e+00 4.594642628639530102e+00 6.041286418925198021e+00 7.412255004269534098e+00 8.688410592782474851e+00 9.822074282989570193e+00 1.064740962274752079e+01 1.158749918846550031e+01 1.280494191104319412e+01
-1.260540897206442779e+01 -1.141769355003145492e+01 -1.056714215473429519e+01 -9.756651873891364346e+00 -8.616334093066218003e+00 -7.351720720100331619e+00 -5.992943382679570163e+00 -4.558295277467525608e+00 -3.068615271287415069e+00 -1.543142657612790458e+00 3.552713678800500929e-15 1.543142657612809998e+00 3.068615271287429280e+00 4.558295277467532713e+00 5.992943382679567499e+00 7.351720720100340500e+00 8.616334093066225108e+00 9.756651873891375004e+00 1.056714215473430762e+01 1.141769355003147624e+01 1.260540897206443312e+01
-1.240593493700890981e+01 -1.125128963806462856e+01 -1.050535123474633004e+01 -9.684330021751014428e+00 -8.541442367915410117e+00 -7.289908085057122733e+00 -5.943582241690057444e+00 -4.521154501054615693e+00 -3.043801427227712963e+00 -1.530723232583213189e+00 7.105427357601001859e-15 1.530723232583225624e+00 3.043801427227728951e+00 4.521154501054627239e+00 5.943582241690067214e+00 7.289908085057131615e+00 8.541442367915424327e+00 9.684330021751030415e+00 1.050535123474634247e+01 1.125128963806465698e+01 1.240593493700892225e+01
-1.220653722259462448e+01 -1.109086804930541881e+01 -1.046144112120549785e+01 -9.602731721355342032e+00 -8.464062082213521521e+00 -7.226858208353084123e+00 -5.893171921693758364e+00 -4.483197954483616243e+00 -3.018438340374549611e+00 -1.518027886983652763e+00 1.776356839400250465e-15 1.518027886983666974e+00 3.018438340374558493e+00 4.483197954483613579e+00 5.893171921693758364e+00 7.226858208353086788e+00 8.464062082213532179e+00 9.602731721355350913e+00 1.046144112120550673e+01 1.109086804930543124e+01 1.220653722259462093e+01
-1.200724392151202125e+01 -1.094220365309451282e+01 -1.042949695650762365e+01 -9.511478299701487060e+00 -8.384645454925465202e+00 -7.162600614874079952e+00 -5.841680575497168348e+00 -4.444406031959086789e+00 -2.992515583291387671e+00 -1.505051932568521877e+00 3.552713678800500929e-15 1.505051932568536088e+00 2.992515583291396553e+00 4.444406031959094783e+00 5.841680575497179007e+00 7.162600614874094163e+00 8.384645454925472308e+00 9.511478299701492389e+00 1.042949695650764319e+01 1.094220365309453058e+01 1.200724392151202835e+01
-1.180810464393277925e+01 -1.081863676450351264e+01 -1.039428912939322558e+01 -9.411905081621252833e+00 -8.303681310472342147e+00 -7.097140903236059728e+00 -5.789075434461263825e+00 -4.404761769613823930e+00 -2.966024313710123650e+00 -1.491791352625030598e+00 1.776356839400250465e-15 1.491791352625037703e+00 2.966024313710127203e+00 4.404761769613830147e+00 5.789075434461270930e+00 7.097140903236071274e+00 8.303681310472345700e+00 9.411905081621256386e+00 1.039428912939324157e+01 1.081863676450353040e+01 1.180810464393277748e+01
-1.160921854437524736e+01 -1.074338681169924392e+01 -1.032987538282761086e+01 -9.306199930832368850e+00 -8.221619644007960304e+00 -7.030453502994687298e+00 -5.735323635157216771e+00 -4.364250815111285320e+00 -2.938957085359840349e+00 -1.478242704456652845e+00 5.329070518200751394e-15 1.478242704456665280e+00 2.938957085359849231e+00 4.364250815111287096e+00 5.735323635157230093e+00 7.030453502994700621e+00 8.221619644007970962e+00 9.306199930832370626e+00 1.032987538282764106e+01 1.074338681169926524e+01 1.160921854437526157e+01
-1.141082302521572878e+01 -1.072791344248333978e+01 -1.022194235282666774e+01 -9.196671907308994420e+00 -8.138812183362881925e+00 -6.962480021985664180e+00 -5.680393757038357805e+00 -4.322861403077750353e+00 -2.911307663166377679e+00 -1.464403029379724330e+00 5.329070518200751394e-15 1.464403029379736765e+00 2.911307663166383009e+00 4.322861403077753906e+00 5.680393757038368463e+00 6.962480021985679279e+00 8.138812183362883701e+00 9.196671907308996197e+00 1.022194235282668195e+01 1.072791344248334688e+01 1.141082302521572700e+01
-1.121368176954203122e+01 -1.075568128380979971e+01 -1.008404255561215734e+01 -9.085401528487718537e+00 -8.055466965160835713e+00 -6.893133189312653286e+00 -5.624257737038409033e+00 -4.280584283648568800e+00 -2.883070839003783803e+00 -1.450269769845723644e+00 7.105427357601001859e-15 1.450269769845728973e+00 2.883070839003794461e+00 4.280584283648567911e+00 5.624257737038419691e+00 6.893133189312670162e+00 8.055466965160844595e+00 9.085401528487725642e+00 1.008404255561217866e+01 1.075568128380981214e+01 1.121368176954203477e+01
-1.102230530144780829e+01 -1.080451634818060214e+01 -9.932123064547901947e+00 -8.974157770433212278e+00 -7.971615303200284330e+00 -6.822305851176185598e+00 -5.566892799332187280e+00 -4.237412565132919084e+00 -2.854242247091006490e+00 -1.435840693611094565e+00 0.000000000000000000e+00 1.435840693611098118e+00 2.854242247091011819e+00 4.237412565132921749e+00 5.566892799332197050e+00 6.822305851176202474e+00 7.971615303200291436e+00 8.974157770433222936e+00 9.932123064547917934e+00 1.080451634818060924e+01 1.102230530144781007e+01
-1.091934242968429558e+01 -1.078231624611676409e+01 -9.774412783564041973e+00 -8.864414183689582671e+00 -7.887092897529576874e+00 -6.749883841945734986e+00 -5.508283055723861565e+00 -4.193341448944224226e+00 -2.824818180779237409e+00 -1.421113825080011495e+00 5.329070518200751394e-15 1.421113825080015047e+00 2.824818180779242738e+00 4.193341448944226002e+00 5.508283055723874000e+00 6.749883841945752749e+00 7.887092897529588420e+00 8.864414183689588000e+00 9.774412783564059737e+00 1.078231624611676942e+01 1.091934242968430269e+01
-1.098725137766903792e+01 -1.060187941529488320e+01 -9.614895924171472430e+00 -8.757358589181402309e+00 -7.801541102073157319e+00 -6.675760913678251640e+00 -5.448420491561043022e+00 -4.148367853359365753e+00 -2.794795414604164918e+00 -1.406087384029033771e+00 1.776356839400250465e-15 1.406087384029031995e+00 2.794795414604168471e+00 4.148367853359364865e+00 5.448420491561050127e+00 6.675760913678260522e+00 7.801541102073160872e+00 8.757358589181411190e+00 9.614895924171490194e+00 1.060187941529489208e+01 1.098725137766904680e+01
-1.108033792429777797e+01 -1.040625206853848717e+01 -9.455934176520665702e+00 -8.653841597381775941e+00 -7.714437048005946096e+00 -6.599853441693811718e+00 -5.387305144865235818e+00 -4.102489940329993701e+00 -2.764171036896836853e+00 -1.390759731885658823e+00 0.000000000000000000e+00 1.390759731885660599e+00 2.764171036896840405e+00 4.102489940329995477e+00 5.387305144865243811e+00 6.599853441693825928e+00 7.714437048005947872e+00 8.653841597381786599e+00 9.455934176520687018e+00 1.040625206853849960e+01 1.108033792429779041e+01
-1.118362382600749072e+01 -1.020875804327340575e+01 -9.299435331668746585e+00 -8.554233491325387462e+00 -7.625159292761171770e+00 -6.522112532610503166e+00 -5.324944398634873011e+00 -4.055706574743387804e+00 -2.732942298856583463e+00 -1.375129325586827989e+00 5.329070518200751394e-15 1.375129325586833318e+00 2.732942298856588792e+00 4.055706574743392245e+00 5.324944398634881004e+00 6.522112532610514712e+00 7.625159292761185981e+00 8.554233491325396344e+00 9.299435331668764348e+00 1.020875804327341108e+01 1.118362382600749072e+01
-1.129454857985822080e+01 -1.001083743764833223e+01 -9.147457806631019039e+00 -8.458175583167806266e+00 -7.533086387275451656e+00 -6.442531556381274171e+00 -5.261351421957650487e+00 -4.008016756903245437e+00 -2.701106485762764464e+00 -1.359194678809151569e+00 7.105427357601001859e-15 1.359194678809149792e+00 2.701106485762773346e+00 4.008016756903245437e+00 5.261351421957662033e+00 6.442531556381285718e+00 7.533086387275458762e+00 8.458175583167818701e+00 9.147457806631036803e+00 1.001083743764834288e+01 1.129454857985822613e+01
-1.141188810168930878e+01 -9.812924339931187845e+00 -9.002633831057194058e+00 -8.364248099871373299e+00 -7.437710636870670911e+00 -6.361147942280323875e+00 -5.196542900056021708e+00 -3.959419075710487235e+00 -2.668660814985710061e+00 -1.342954330068495850e+00 5.329070518200751394e-15 1.342954330068501179e+00 2.668660814985720720e+00 3.959419075710487235e+00 5.196542900056027925e+00 6.361147942280335421e+00 7.437710636870681569e+00 8.364248099871387510e+00 9.002633831057213598e+00 9.812924339931205608e+00 1.141188810168932122e+01
-1.153483419529541720e+01 -9.615280943444385997e+00 -8.868454505894415973e+00 -8.269680595500233267e+00 -7.338736559463630016e+00 -6.278039086820680126e+00 -5.130536276452545508e+00 -3.909911231634040973e+00 -2.635602363755221944e+00 -1.326406816864166061e+00 3.552713678800500929e-15 1.326406816864162508e+00 2.635602363755225497e+00 3.909911231634039197e+00 5.130536276452556166e+00 6.278039086820689896e+00 7.338736559463632680e+00 8.269680595500242148e+00 8.868454505894419526e+00 9.615280943444393102e+00 1.153483419529543141e+01
-1.166278103590654425e+01 -9.418201734778079981e+00 -8.749130990184703194e+00 -8.170459412404301958e+00 -7.236134281499957410e+00 -6.193313120610280720e+00 -5.063346787380936576e+00 -3.859489674999046827e+00 -2.601928027414224687e+00 -1.309550654725899932e+00 5.329070518200751394e-15 1.309550654725903485e+00 2.601928027414235345e+00 3.859489674999050379e+00 5.063346787380945457e+00 6.193313120610297595e+00 7.236134281499969845e+00 8.170459412404312616e+00 8.749130990184715628e+00 9.418201734778090639e+00 1.166278103590654780e+01
-1.179524523690399640e+01 -9.222186546427126430e+00 -8.648492087326113520e+00 -8.062357274806862151e+00 -7.130135497860676352e+00 -6.107095850443267082e+00 -4.994984599270795300e+00 -3.808149396615034377e+00 -2.567634506320539245e+00 -1.292384319745316645e+00 7.105427357601001859e-15 1.292384319745314869e+00 2.567634506320548127e+00 3.808149396615036153e+00 4.994984599270800629e+00 6.107095850443275076e+00 7.130135497860679017e+00 8.062357274806872809e+00 8.648492087326120625e+00 9.222186546427131759e+00 1.179524523690400706e+01
-1.193182677567642891e+01 -9.028338646636866471e+00 -8.567865686230982547e+00 -7.942761493125042094e+00 -7.021182776105947099e+00 -6.019515380582431519e+00 -4.925452366632866230e+00 -3.755883894817616309e+00 -2.532718316887246246e+00 -1.274906232966790398e+00 3.552713678800500929e-15 1.274906232966793951e+00 2.532718316887253351e+00 3.755883894817621638e+00 4.925452366632880441e+00 6.019515380582444841e+00 7.021182776105954204e+00 7.942761493125058081e+00 8.567865686230984323e+00 9.028338646636877129e+00 1.193182677567644134e+01
-1.207218657047068966e+01 -8.839775663053783816e+00 -8.503671139348215391e+00 -7.811784145158780390e+00 -6.909856449566484926e+00 -5.930685834568729220e+00 -4.854743511295408709e+00 -3.702685326385106279e+00 -2.497175819715369727e+00 -1.257114744904825443e+00 5.329070518200751394e-15 1.257114744904828996e+00 2.497175819715369727e+00 3.702685326385108056e+00 4.854743511295416702e+00 5.930685834568735437e+00 6.909856449566484926e+00 7.811784145158796377e+00 8.503671139348220720e+00 8.839775663053790922e+00 1.207218657047069499e+01
-1.221603222218456075e+01 -8.668148837161689713e+00 -8.441700324370453146e+00 -7.671565617678238524e+00 -6.796801457351127951e+00 -5.840691442552424562e+00 -4.782841483318948761e+00 -3.648544829618073138e+00 -2.461003255620038743e+00 -1.239008118465255492e+00 7.105427357601001859e-15 1.239008118465253716e+00 2.461003255620040520e+00 3.648544829618076690e+00 4.782841483318961195e+00 5.840691442552434332e+00 6.796801457351132392e+00 7.671565617678259841e+00 8.441700324370470909e+00 8.668148837161702147e+00 1.221603222218458029e+01
-1.236310829317246807e+01 -8.552511625088326852e+00 -8.339767946019390976e+00 -7.524840934951742000e+00 -6.682665393723256742e+00 -5.749572216260498081e+00 -4.709720194780254943e+00 -3.593452987607143712e+00 -2.424196778823811016e+00 -1.220584508690762959e+00 5.329070518200751394e-15 1.220584508690759407e+00 2.424196778823807463e+00 3.593452987607143712e+00 4.709720194780262936e+00 5.749572216260497193e+00 6.682665393723258518e+00 7.524840934951760651e+00 8.339767946019399858e+00 8.552511625088342839e+00 1.236310829317247340e+01
-1.251318933943167266e+01 -8.510217236432811916e+00 -8.177748467803937160e+00 -7.374072419372552645e+00 -6.568047604264489081e+00 -5.657312608951325927e+00 -4.635345714917743720e+00 -3.537400380196721983e+00 -2.386752475900879134e+00 -1.201841938030348444e+00 8.881784197001252323e-15 1.201841938030343115e+00 2.386752475900879134e+00 3.537400380196723759e+00 4.635345714917750826e+00 5.657312608951331256e+00 6.568047604264487305e+00 7.374072419372563303e+00 8.177748467803940713e+00 8.510217236432826127e+00 1.251318933943168688e+01
-1.266607472538234447e+01 -8.502362456561598947e+00 -7.992380446997437105e+00 -7.221257238107387622e+00 -6.453451994366758981e+00 -5.563834924767327550e+00 -4.559679177218242785e+00 -3.480378156499281062e+00 -2.348666359376878177e+00 -1.182778266242513254e+00 7.105427357601001859e-15 1.182778266242509702e+00 2.348666359376876400e+00 3.480378156499281062e+00 4.559679177218248114e+00 5.563834924767330214e+00 6.453451994366764310e+00 7.221257238107399168e+00 7.992380446997442434e+00 8.502362456561614934e+00 1.266607472538235335e+01
-1.282158465094966004e+01 -8.510713204584646974e+00 -7.800280290693883956e+00 -7.068041039750607268e+00 -6.339233622506583288e+00 -5.468999609178837318e+00 -4.482680682667329108e+00 -3.422378548232465789e+00 -2.309934326329846854e+00 -1.163391154564690666e+00 3.552713678800500929e-15 1.163391154564690666e+00 2.309934326329846854e+00 3.422378548232469342e+00 4.482680682667339767e+00 5.468999609178841759e+00 6.339233622506593058e+00 7.068041039750629473e+00 7.800280290693900831e+00 8.510713204584661185e+00 1.282158465094966360e+01
-1.297955703557548190e+01 -8.529700374572122712e+00 -7.605823467172946550e+00 -6.915898445932093352e+00 -6.225530438334104133e+00 -5.372614554490422023e+00 -4.404313807437105766e+00 -3.363395239667649861e+00 -2.270552074938132492e+00 -1.143678024388224301e+00 7.105427357601001859e-15 1.143678024388233183e+00 2.270552074938134268e+00 3.363395239667656966e+00 4.404313807437118200e+00 5.372614554490422911e+00 6.225530438334112127e+00 6.915898445932108451e+00 7.605823467172955432e+00 8.529700374572144028e+00 1.297955703557549256e+01
-1.313984502710546209e+01 -8.556943353345616288e+00 -7.410521921319613625e+00 -6.766296367839498060e+00 -6.112177609207307682e+00 -5.274454729034484757e+00 -4.324550168222881297e+00 -3.303423514134308903e+00 -2.230514975627444940e+00 -1.123636011325968909e+00 1.776356839400250465e-15 1.123636011325963580e+00 2.230514975627444940e+00 3.303423514134312455e+00 4.324550168222886626e+00 5.274454729034487421e+00 6.112177609207313012e+00 6.766296367839505166e+00 7.410521921319619842e+00 8.556943353345641157e+00 1.313984502710548163e+01
-1.330231497815968567e+01 -8.591095526632177126e+00 -7.215123125511698987e+00 -6.620809974386244079e+00 -5.998616399036912128e+00 -5.174291465896331488e+00 -4.243373399953735969e+00 -3.242460110639630244e+00 -2.189817898134998941e+00 -1.103261916193515546e+00 7.105427357601001859e-15 1.103261916193519099e+00 2.189817898134998941e+00 3.242460110639637350e+00 4.243373399953748404e+00 5.174291465896338593e+00 5.998616399036927227e+00 6.620809974386255625e+00 7.215123125511717639e+00 8.591095526632198442e+00 1.330231497815969099e+01
-1.346684477982631734e+01 -8.631257035082018803e+00 -7.020194299208988298e+00 -6.481147323890219525e+00 -5.883837171231370178e+00 -5.071927839302656338e+00 -4.160781888081114488e+00 -3.180502747227819782e+00 -2.148455001177184798e+00 -1.082552154977710401e+00 3.552713678800500929e-15 1.082552154977708625e+00 2.148455001177183021e+00 3.180502747227832216e+00 4.160781888081132252e+00 5.071927839302659891e+00 5.883837171231377283e+00 6.481147323890229295e+00 7.020194299208998956e+00 8.631257035082040119e+00 1.346684477982632444e+01
-1.363332247350885140e+01 -8.676764935342813345e+00 -6.826409657490501104e+00 -6.348986021958197057e+00 -5.766432184455471344e+00 -4.967233735842324194e+00 -4.076789682071915166e+00 -3.117549299448057809e+00 -2.106419497105944671e+00 -1.061502710257123283e+00 5.329070518200751394e-15 1.061502710257123283e+00 2.106419497105946448e+00 3.117549299448070244e+00 4.076789682071925824e+00 4.967233735842329523e+00 5.766432184455482890e+00 6.348986021958213932e+00 6.826409657490518867e+00 8.676764935342838214e+00 1.363332247350885673e+01
-1.380164508272928892e+01 -8.727100606626132517e+00 -6.634892285850570559e+00 -6.225455444452395071e+00 -5.644841211383360147e+00 -4.860173035064436320e+00 -3.991425184630609024e+00 -3.053596661373921606e+00 -2.063703409466262073e+00 -1.040109086681908934e+00 3.552713678800500929e-15 1.040109086681905382e+00 2.063703409466258520e+00 3.053596661373923382e+00 3.991425184630619682e+00 4.860173035064439873e+00 5.644841211383372581e+00 6.225455444452398623e+00 6.634892285850578553e+00 8.727100606626160939e+00 1.380164508272929247e+01
-1.397171762126363781e+01 -8.781842025957041997e+00 -6.447964533126457454e+00 -6.109998572889244528e+00 -5.517780649891763645e+00 -4.750816807795940733e+00 -3.904727429776299275e+00 -2.988639361255101434e+00 -2.020297346078651302e+00 -1.018366272919291049e+00 3.552713678800500929e-15 1.018366272919294602e+00 2.020297346078649525e+00 2.988639361255110316e+00 3.904727429776315262e+00 4.750816807795946062e+00 5.517780649891776079e+00 6.109998572889246304e+00 6.447964533126465447e+00 8.781842025957072195e+00 1.397171762126365202e+01
-1.414345224434755188e+01 -8.840636207293913529e+00 -6.271111664107044348e+00 -5.998030620302275295e+00 -5.384661126425532629e+00 -4.639340165267727301e+00 -3.816739996173586391e+00 -2.922668051852186366e+00 -1.976190313371580132e+00 -9.962687118355599836e-01 1.776356839400250465e-15 9.962687118355635363e-01 1.976190313371581908e+00 2.922668051852197024e+00 3.816739996173602378e+00 4.639340165267734406e+00 5.384661126425548616e+00 5.998030620302282401e+00 6.271111664107054118e+00 8.840636207293940174e+00 1.414345224434756787e+01
-1.431676751720676499e+01 -8.903181891166150663e+00 -6.116693717714513312e+00 -5.877131277851157520e+00 -5.245729631541221849e+00 -4.526004421360307006e+00 -3.727502831272451189e+00 -2.855668043658701194e+00 -1.931369598236733154e+00 -9.738102795334633299e-01 -3.552713678800500929e-15 9.738102795334633299e-01 1.931369598236727825e+00 2.855668043658706523e+00 3.727502831272458295e+00 4.526004421360308783e+00 5.245729631541236060e+00 5.877131277851162849e+00 6.116693717714520417e+00 8.903181891166184414e+00 1.431676751720677387e+01
-1.449158778071792320e+01 -8.969217964750383132e+00 -5.999935360450171729e+00 -5.731294762088355199e+00 -5.101882126348053603e+00 -4.411128464081032874e+00 -3.637042500617228669e+00 -2.787618092567969441e+00 -1.885820740626995118e+00 -9.509842721413424016e-01 0.000000000000000000e+00 9.509842721413495070e-01 1.885820740626996894e+00 2.787618092567980099e+00 3.637042500617241103e+00 4.411128464081038203e+00 5.101882126348069590e+00 5.731294762088365857e+00 5.999935360450177058e+00 8.969217964750404448e+00 1.449158778071793030e+01
-1.466784259816930991e+01 -9.038515331350941651e+00 -5.919203530957174664e+00 -5.561028218099520970e+00 -4.954344074144829690e+00 -4.295052778258968473e+00 -3.545361672653251972e+00 -2.718489684050934940e+00 -1.839527612395437828e+00 -9.277833969455695495e-01 -5.329070518200751394e-15 9.277833969455748786e-01 1.839527612395437828e+00 2.718489684050945598e+00 3.545361672653266183e+00 4.295052778258973802e+00 4.954344074144851007e+00 5.561028218099535181e+00 5.919203530957178216e+00 9.038515331350973625e+00 1.466784259816932057e+01
-1.484546627025922305e+01 -9.110870980889053783e+00 -5.861948665131411218e+00 -5.377714700832612493e+00 -4.804425782956599278e+00 -4.178097032655887944e+00 -3.452429063924220998e+00 -2.648247061471238339e+00 -1.792472604567066696e+00 -9.041997616300179175e-01 -3.552713678800500929e-15 9.041997616300232465e-01 1.792472604567070249e+00 2.648247061471247221e+00 3.452429063924231656e+00 4.178097032655893273e+00 4.804425782956617041e+00 5.377714700832623151e+00 5.861948665131405889e+00 9.110870980889080428e+00 1.484546627025923549e+01
-1.502439740791159650e+01 -9.186103531934545430e+00 -5.819915722824369197e+00 -5.188571789458322314e+00 -4.653416264608384978e+00 -4.060509039505554085e+00 -3.358171630993837198e+00 -2.576848210764932645e+00 -1.744636905833093721e+00 -8.802248521936828496e-01 -3.552713678800500929e-15 8.802248521936881787e-01 1.744636905833097273e+00 2.576848210764937974e+00 3.358171630993846080e+00 4.060509039505564743e+00 4.653416264608404518e+00 5.188571789458340078e+00 5.819915722824360316e+00 9.186103531934573851e+00 1.502439740791160361e+01
-1.520457855439193651e+01 -9.264049795659722975e+00 -5.789017075302517412e+00 -4.996852025090898763e+00 -4.502579320883533853e+00 -3.942401135024859116e+00 -3.262471421422507234e+00 -2.504246919909068225e+00 -1.696000829791429965e+00 -8.558494868504844533e-01 -3.552713678800500929e-15 8.558494868504897823e-01 1.696000829791440623e+00 2.504246919909078883e+00 3.262471421422517892e+00 3.942401135024866221e+00 4.502579320883549840e+00 4.996852025090914751e+00 5.789017075302512083e+00 9.264049795659758502e+00 1.520457855439194539e+01
-1.538595584970646257e+01 -9.344562072095726535e+00 -5.767046868525270042e+00 -4.804165089163625169e+00 -4.353191543045294765e+00 -3.823672406473022534e+00 -3.165169902521668632e+00 -2.430395866133107319e+00 -1.646544118703669568e+00 -8.310637303352628180e-01 -3.552713678800500929e-15 8.310637303352716998e-01 1.646544118703678450e+00 2.430395866133114424e+00 3.165169902521673961e+00 3.823672406473031415e+00 4.353191543045307199e+00 4.804165089163639379e+00 5.767046868525277148e+00 9.344562072095760286e+00 1.538595584970646257e+01
-1.556847873145999195e+01 -9.427505985139946532e+00 -5.752641324839119719e+00 -4.611571150887106896e+00 -4.206556946786745854e+00 -3.703926311663744642e+00 -3.066082252403690589e+00 -2.355250445806108317e+00 -1.596246120229993792e+00 -8.058567512075835992e-01 -5.329070518200751394e-15 8.058567512075924810e-01 1.596246120230000898e+00 2.355250445806118975e+00 3.066082252403690589e+00 3.703926311663755300e+00 4.206556946786761841e+00 4.611571150887126436e+00 5.752641324839116166e+00 9.427505985139983835e+00 1.556847873146000971e+01
-1.575209966730612798e+01 -9.512758722874979256e+00 -5.744861385052940861e+00 -4.420135291203949990e+00 -4.063897493974932829e+00 -3.582418226703902420e+00 -2.965022426697627722e+00 -2.278772770773704437e+00 -1.545085705627547767e+00 -7.802166048412200183e-01 -5.329070518200751394e-15 7.802166048412289001e-01 1.545085705627560202e+00 2.278772770773720424e+00 2.965022426697631275e+00 3.582418226703916631e+00 4.063897493974945263e+00 4.420135291203958872e+00 5.744861385052937308e+00 9.512758722875014783e+00 1.575209966730612621e+01
-1.593677391489687345e+01 -9.600207588721916707e+00 -5.743009894840108487e+00 -4.231468224851267834e+00 -3.925917237581904473e+00 -3.458101351387123046e+00 -2.861836606778185299e+00 -2.200934953021574714e+00 -1.493040780477292273e+00 -7.541299278946151929e-01 -5.329070518200751394e-15 7.541299278946222984e-01 1.493040780477302931e+00 2.200934953021585372e+00 2.861836606778192404e+00 3.458101351387137257e+00 3.925917237581915131e+00 4.231468224851280269e+00 5.743009894840110263e+00 9.600207588721946905e+00 1.593677391489686634e+01
-1.612245930587155485e+01 -9.689748794981220215e+00 -5.746541721540889824e+00 -4.048728668532689312e+00 -3.791641269262875369e+00 -3.329843829339100836e+00 -2.756438687239381125e+00 -2.121720545782618927e+00 -1.440087242104272747e+00 -7.275815373710123879e-01 -7.105427357601001859e-15 7.275815373710159406e-01 1.440087242104281628e+00 2.121720545782627809e+00 2.756438687239372243e+00 3.329843829339109718e+00 3.791641269262880698e+00 4.048728668532701747e+00 5.746541721540882719e+00 9.689748794981248636e+00 1.612245930587157261e+01
-1.630911605094195949e+01 -9.781286448169069558e+00 -5.755014694866286362e+00 -3.878609425183885406e+00 -3.656088891026463727e+00 -3.196798414554212542e+00 -2.648838610072573374e+00 -2.041122865641455064e+00 -1.386197274622318787e+00 -7.005539399704652226e-01 -3.552713678800500929e-15 7.005539399704776571e-01 1.386197274622332998e+00 2.041122865641472828e+00 2.648838610072576927e+00 3.196798414554230305e+00 3.656088891026474386e+00 3.878609425183901394e+00 5.755014694866286362e+00 9.781286448169101533e+00 1.630911605094198080e+01
-1.649670656355931797e+01 -9.874731688089202208e+00 -5.768060424260990970e+00 -3.732183319366416896e+00 -3.509119909534518911e+00 -3.058741230604322681e+00 -2.539154321304437190e+00 -1.959138945661841547e+00 -1.331336959445131640e+00 -6.730267757666865691e-01 -3.552713678800500929e-15 6.730267757666954509e-01 1.331336959445144075e+00 1.959138945661855757e+00 2.539154321304437190e+00 3.058741230604340444e+00 3.509119909534529569e+00 3.732183319366424001e+00 5.768060424260998076e+00 9.874731688089237736e+00 1.649670656355932152e+01
-1.668519530000492068e+01 -9.970001951557232900e+00 -5.785365705633591205e+00 -3.616316361351888276e+00 -3.343979488884798457e+00 -2.916163745005086128e+00 -2.427600688785968686e+00 -1.875758143367516340e+00 -1.275463334620194900e+00 -6.449762432111718624e-01 0.000000000000000000e+00 6.449762432111789678e-01 1.275463334620210887e+00 1.875758143367535880e+00 2.427600688785979344e+00 2.916163745005110997e+00 3.343979488884821549e+00 3.616316361351890052e+00 5.785365705633589428e+00 9.970001951557263098e+00 1.668519530000491358e+01
-1.687454861404318152e+01 -1.006702033824228693e+01 -5.806660011117191544e+00 -3.526274426362729031e+00 -3.164932827530190451e+00 -2.770109283094146946e+00 -2.314451094507237627e+00 -1.790945122241982546e+00 -1.218521275019757155e+00 -6.163745758016219156e-01 -3.552713678800500929e-15 6.163745758016219156e-01 1.218521275019762484e+00 1.790945122241994980e+00 2.314451094507241180e+00 2.770109283094161157e+00 3.164932827530204662e+00 3.526274426362723702e+00 5.806660011117196873e+00 1.006702033824232245e+01 1.687454861404318152e+01
-1.706473462452600742e+01 -1.016571506094448551e+01 -5.831706696933274259e+00 -3.454679081932610529e+00 -2.978653745730330371e+00 -2.621940682326744820e+00 -2.199966096121659831e+00 -1.704618413313735203e+00 -1.160440881944062141e+00 -5.871896544694230613e-01 3.552713678800500929e-15 5.871896544694301667e-01 1.160440881944074576e+00 1.704618413313752967e+00 2.199966096121672265e+00 2.621940682326771466e+00 2.978653745730346358e+00 3.454679081932606977e+00 5.831706696933277811e+00 1.016571506094452459e+01 1.706473462452600387e+01
-1.725572309454836528e+01 -1.026601896627703780e+01 -5.860296602751393635e+00 -3.396841400358887597e+00 -2.789192003389700858e+00 -2.473193203456919065e+00 -2.084277997345981959e+00 -1.616628638239710369e+00 -1.101136406492244646e+00 -5.573848246935142470e-01 7.105427357601001859e-15 5.573848246935249051e-01 1.101136406492258857e+00 1.616628638239724580e+00 2.084277997345997946e+00 2.473193203456942157e+00 2.789192003389718622e+00 3.396841400358885821e+00 5.860296602751390083e+00 1.026601896627708044e+01 1.725572309454837239e+01
-1.744748532093421645e+01 -1.036786911450439064e+01 -5.892243255436799387e+00 -3.350087047433344623e+00 -2.598918417531528746e+00 -2.325504433695698481e+00 -1.967218701030091665e+00 -1.526745170046510225e+00 -1.040507920038788114e+00 -5.269189114456338530e-01 7.105427357601001859e-15 5.269189114456445111e-01 1.040507920038805878e+00 1.526745170046526212e+00 1.967218701030111205e+00 2.325504433695721573e+00 2.598918417531548286e+00 3.350087047433339293e+00 5.892243255436806493e+00 1.036786911450442261e+01 1.744748532093422355e+01
-1.763999403298401347e+01 -1.047120640943314385e+01 -5.927379187580697817e+00 -3.312761844495980768e+00 -2.409947041242503474e+00 -2.180400507719969738e+00 -1.848109542566270136e+00 -1.434665487640074844e+00 -9.784466516769434463e-01 -4.957462413709130544e-01 1.065814103640150279e-14 4.957462413709166071e-01 9.784466516769469990e-01 1.434665487640078396e+00 1.848109542566284347e+00 2.180400507719983949e+00 2.409947041242517685e+00 3.312761844495968333e+00 5.927379187580697817e+00 1.047120640943317404e+01 1.763999403298402058e+01
-1.783322329954591723e+01 -1.057597527092596223e+01 -5.965553053847177267e+00 -3.283739992485717352e+00 -2.225750516006304025e+00 -2.038251792881542457e+00 -1.725648526542283179e+00 -1.340063055865417851e+00 -9.148436068594456572e-01 -4.638161337498374337e-01 1.421085471520200372e-14 4.638161337498409864e-01 9.148436068594598680e-01 1.340063055865421404e+00 1.725648526542300942e+00 2.038251792881553115e+00 2.225750516006314683e+00 3.283739992485701364e+00 5.965553053847182596e+00 1.057597527092601375e+01 1.783322329954591723e+01
-1.802714844358464674e+01 -1.068212334392630680e+01 -6.006627332831779853e+00 -3.262197252501383815e+00 -2.054388181839868821e+00 -1.894907265230884263e+00 -1.598205910747342529e+00 -1.242678533601115021e+00 -8.495981245159711648e-01 -4.310707698835116730e-01 1.065814103640150279e-14 4.310707698835152257e-01 8.495981245159782702e-01 1.242678533601122126e+00 1.598205910747363845e+00 1.894907265230894922e+00 2.054388181839879479e+00 3.262197252501364275e+00 6.006627332831785182e+00 1.068212334392634055e+01 1.802714844358464674e+01
-1.822174596351863585e+01 -1.078960123892888134e+01 -6.050476468012227826e+00 -3.247498247430925744e+00 -1.910516183998669959e+00 -1.738853254758772948e+00 -1.464702515694408902e+00 -1.142429618376148426e+00 -7.826179241617765570e-01 -3.974396482604518610e-01 1.421085471520200372e-14 3.974396482604589664e-01 7.826179241617872151e-01 1.142429618376151979e+00 1.464702515694437324e+00 1.738853254758787159e+00 1.910516183998680617e+00 3.247498247430909757e+00 6.050476468012231379e+00 1.078960123892892398e+01 1.822174596351862164e+01
-1.841699346067940368e+01 -1.089836229967152548e+01 -6.096985344224357561e+00 -3.239134959494389676e+00 -1.800968382801009682e+00 -1.564832017934353559e+00 -1.325497947110591213e+00 -1.039474211961248784e+00 -7.137951354278300187e-01 -3.628283244108239103e-01 1.776356839400250465e-14 3.628283244108345684e-01 7.137951354278406768e-01 1.039474211961252337e+00 1.325497947110616082e+00 1.564832017934364217e+00 1.800968382801016787e+00 3.239134959494359478e+00 6.096985344224364667e+00 1.089836229967156278e+01 1.841699346067942500e+01
-1.861286957232032790e+01 -1.100836239450115528e+01 -6.146048024771971541e+00 -3.236690261174615557e+00 -1.718313015147277412e+00 -1.380476688326115919e+00 -1.182494743048223995e+00 -9.341175290725871605e-01 -6.429366441688628697e-01 -3.270998837186489538e-01 1.421085471520200372e-14 3.270998837186667174e-01 6.429366441688770806e-01 9.341175290725871605e-01 1.182494743048241759e+00 1.380476688326133683e+00 1.718313015147280964e+00 3.236690261174601346e+00 6.146048024771969764e+00 1.100836239450120857e+01 1.861286957232032790e+01
-1.880935390966359222e+01 -1.111955972842024210e+01 -6.197566693953614703e+00 -3.239814786583231410e+00 -1.655408914556709021e+00 -1.192960958331870103e+00 -1.038665309211641130e+00 -8.263718316502597361e-01 -5.696353752043421537e-01 -2.900519868278195190e-01 1.421085471520200372e-14 2.900519868278443880e-01 5.696353752043599172e-01 8.263718316502739469e-01 1.038665309211665999e+00 1.192960958331884314e+00 1.655408914556709021e+00 3.239814786583208317e+00 6.197566693953623584e+00 1.111955972842028295e+01 1.880935390966360288e+01
-1.900642700053142065e+01 -1.123191467327148274e+01 -6.251450763589854631e+00 -3.248211461549296075e+00 -1.608375656818651578e+00 -1.008726871652367407e+00 -8.967652134979253731e-01 -7.148970437894739405e-01 -4.931361102789573181e-01 -2.514032221925823762e-01 7.105427357601001859e-15 2.514032221926036925e-01 4.931361102789750817e-01 7.148970437894952568e-01 8.967652134979395839e-01 1.008726871652385171e+00 1.608375656818648025e+00 3.248211461549269430e+00 6.251450763589859960e+00 1.123191467327152360e+01 1.900642700053142775e+01
-1.920407023615348407e+01 -1.134538961389282008e+01 -6.307616112005302256e+00 -3.261624710667422988e+00 -1.574990326530539164e+00 -8.453481906883091312e-01 -7.502579594879144054e-01 -5.960414413828232227e-01 -4.124347183353158641e-01 -2.108125535068978706e-01 7.105427357601001859e-15 2.108125535069333978e-01 4.124347183353407331e-01 5.960414413828587499e-01 7.502579594879357217e-01 8.453481906883375530e-01 1.574990326530517848e+00 3.261624710667405225e+00 6.307616112005320019e+00 1.134538961389286982e+01 1.920407023615348763e+01
-1.940226582178678072e+01 -1.145994880838363983e+01 -6.365984431106824104e+00 -3.279832669605990958e+00 -1.553829136223587426e+00 -7.331175307768056371e-01 -5.794371184303095390e-01 -4.670145429198377940e-01 -3.269260594103791107e-01 -1.678986515583389405e-01 3.552713678800500929e-15 1.678986515583602568e-01 3.269260594103968742e-01 4.670145429198733211e-01 5.794371184303273026e-01 7.331175307768305061e-01 1.553829136223566110e+00 3.279832669605973194e+00 6.365984431106827657e+00 1.145994880838369667e+01 1.940226582178678782e+01
-1.960099673082028815e+01 -1.157555826088199069e+01 -6.426482662513475219e+00 -3.302641412125641551e+00 -1.543911646632647461e+00 -6.661478799781725968e-01 -3.961771409750163286e-01 -3.323787724573357139e-01 -2.364812196960883739e-01 -1.218452959129088242e-01 0.000000000000000000e+00 1.218452959129123769e-01 2.364812196960954793e-01 3.323787724573570301e-01 3.961771409750269868e-01 6.661478799782010185e-01 1.543911646632636803e+00 3.302641412125609577e+00 6.426482662513489430e+00 1.157555826088204398e+01 1.960099673082029881e+01
-1.980024666207013695e+01 -1.169218560546904939e+01 -6.489042507681809013e+00 -3.329880577198245817e+00 -1.544537071399389561e+00 -6.317729981787287841e-01 -2.470162756560796424e-01 -1.860302979551882174e-01 -1.337656099072255245e-01 -6.972771682333700483e-02 1.776356839400250465e-14 6.972771682335476839e-02 1.337656099072574989e-01 1.860302979551953229e-01 2.470162756560831951e-01 6.317729981787714166e-01 1.544537071399364692e+00 3.329880577198210290e+00 6.489042507681814342e+00 1.169218560546908670e+01 1.980024666207013340e+01
-2.000000000000000000e+01 -1.180980000000000096e+01 -6.553600000000002979e+00 -3.361400000000001498e+00 -1.555200000000001026e+00 -6.250000000000000000e-01 -2.048000000000000931e-01 -4.860000000000003206e-02 -6.400000000000002909e-03 -2.000000000000000909e-04 0.000000000000000000e+00 2.000000000000000909e-04 6.400000000000002909e-03 4.860000000000003206e-02 2.048000000000000931e-01 6.250000000000000000e-01 1.555200000000001026e+00 3.361400000000001498e+00 6.553600000000002979e+00 1.180980000000000096e+01 2.000000000000000000e+01
