-1.499999999999999289e+01 -1.299999999999999289e+01 -1.099999999999998934e+01 -8.999999999999982236e+00 -6.999999999999996447e+00 -4.999999999999996447e+00 -2.999999999999996447e+00 -1.000000000000003553e+00 1.000000000000001776e+00 3.000000000000003553e+00 5.000000000000000000e+00 7.000000000000010658e+00 9.000000000000003553e+00 1.100000000000000533e+01 1.300000000000000355e+01 1.500000000000000000e+01
-1.485000454582983309e+01 -1.287004532534324852e+01 -1.089017349599944140e+01 -8.910377341983288346e+00 -6.930564369650713985e+00 -4.950621666924735820e+00 -2.970486744977424820e+00 -9.901842280416364162e-01 9.901842280416293107e-01 2.970486744977428373e+00 4.950621666924732267e+00 6.930564369650729084e+00 8.910377341983309663e+00 1.089017349599945561e+01 1.287004532534325563e+01 1.485000454582983487e+01
-1.470001837238574538e+01 -1.274018322070515907e+01 -1.078070144741418801e+01 -8.821525489473295067e+00 -6.862280567006749266e+00 -4.902510238923476038e+00 -2.941963929650171394e+00 -9.807429684929154234e-01 9.807429684929136471e-01 2.941963929650180276e+00 4.902510238923486696e+00 6.862280567006771470e+00 8.821525489473323489e+00 1.078070144741420933e+01 1.274018322070516440e+01 1.470001837238576670e+01
-1.455004177779572672e+01 -1.261041676757456997e+01 -1.067159602091505377e+01 -8.733470546139475488e+00 -6.795184366307495338e+00 -4.855699223006890719e+00 -2.914453054548651778e+00 -9.716832377337478732e-01 9.716832377337425442e-01 2.914453054548660660e+00 4.855699223006894272e+00 6.795184366307513102e+00 8.733470546139498580e+00 1.067159602091507509e+01 1.261041676757457886e+01 1.455004177779573560e+01
-1.440007508104528711e+01 -1.248074934250533374e+01 -1.056287080930806610e+01 -8.646241413651587493e+00 -6.729313089655772018e+00 -4.810219220560327358e+00 -2.887969780506377759e+00 -9.630090233026606938e-01 9.630090233026571411e-01 2.887969780506383088e+00 4.810219220560329134e+00 6.729313089655783564e+00 8.646241413651612362e+00 1.056287080930808386e+01 1.248074934250533730e+01 1.440007508104530309e+01
-1.425011862403291829e+01 -1.235118465247199637e+01 -1.045454101703448657e+01 -8.559870114088248272e+00 -6.664705600851526412e+00 -4.766097311322205599e+00 -2.862523192894542490e+00 -9.547209881683667021e-01 9.547209881683560440e-01 2.862523192894546042e+00 4.766097311322203822e+00 6.664705600851533518e+00 8.559870114088269588e+00 1.045454101703450789e+01 1.235118465247200881e+01 1.425011862403292184e+01
-1.410017277389396284e+01 -1.222172677581177780e+01 -1.034662367652942194e+01 -8.474392147265017883e+00 -6.601402239165988561e+00 -4.723356351122806274e+00 -2.838115116239787739e+00 -9.468162421644841231e-01 9.468162421644823468e-01 2.838115116239796620e+00 4.723356351122811603e+00 6.601402239166003660e+00 8.474392147265046304e+00 1.034662367652943971e+01 1.222172677581178490e+01 1.410017277389398060e+01
-1.395023792563763365e+01 -1.209238020983509188e+01 -1.023913790151578596e+01 -8.389846885266482701e+00 -6.539444673094276794e+00 -4.682014178885477662e+00 -2.814739507270491714e+00 -9.392881966695085794e-01 9.392881966695032503e-01 2.814739507270493490e+00 4.682014178885479438e+00 6.539444673094289229e+00 8.389846885266502241e+00 1.023913790151580372e+01 1.209238020983509898e+01 1.395023792563764786e+01
-1.380031450514928260e+01 -1.196314992643814357e+01 -1.013210518467254140e+01 -8.306278005603315862e+00 -6.478875649591101293e+00 -4.642082732295483183e+00 -2.792381956527274056e+00 -9.321265157904932153e-01 9.321265157904985443e-01 2.792381956527281162e+00 4.642082732295483183e+00 6.478875649591118169e+00 8.306278005603342507e+00 1.013210518467255383e+01 1.196314992643814712e+01 1.380031450514928970e+01
-1.365040297262200575e+01 -1.183404143736868797e+01 -1.002554974881370775e+01 -8.223733962917860296e+00 -6.419738609189218792e+00 -4.603567077192414203e+00 -2.771019329579553769e+00 -9.253171731857339211e-01 9.253171731857410265e-01 2.771019329579560875e+00 4.603567077192410650e+00 6.419738609189234779e+00 8.223733962917890494e+00 1.002554974881372907e+01 1.183404143736869862e+01 1.365040297262201285e+01
-1.350050382649429714e+01 -1.170506087120388905e+01 -9.919498962836007294e+00 -8.142268496728634730e+00 -6.362077131897178717e+00 -4.566464363388346825e+00 -2.750619578199030357e+00 -9.188426184427989085e-01 9.188426184427900267e-01 2.750619578199030357e+00 4.566464363388348602e+00 6.362077131897185822e+00 8.142268496728663152e+00 9.919498962836023281e+00 1.170506087120389793e+01 1.350050382649431491e+01
-1.335061760798747876e+01 -1.157621506462291983e+01 -9.813983836345579803e+00 -8.061941168919544154e+00 -6.305934173226654949e+00 -4.530762729391552668e+00 -2.731141749159016641e+00 -9.126820509691295769e-01 9.126820509691366823e-01 2.731141749159030852e+00 4.530762729391557997e+00 6.305934173226672712e+00 8.061941168919570799e+00 9.813983836345601119e+00 1.157621506462293581e+01 1.335061760798748942e+01
-1.320074490635757947e+01 -1.144751167123819080e+01 -9.709039610194635017e+00 -7.982817918962210157e+00 -6.251351044721241479e+00 -4.496440190352599231e+00 -2.712536213336640856e+00 -9.068117931256995945e-01 9.068117931256978181e-01 2.712536213336642632e+00 4.496440190352606336e+00 6.251351044721253913e+00 7.982817918962231474e+00 9.709039610194661662e+00 1.144751167123819613e+01 1.320074490635758302e+01
-1.305088636500323851e+01 -1.131895929213839302e+01 -9.604706464308764069e+00 -7.904971616424797176e+00 -6.198366089919813859e+00 -4.463463557066324583e+00 -2.694745130321686943e+00 -9.012057483862783158e-01 9.012057483862800922e-01 2.694745130321694049e+00 4.463463557066329912e+00 6.198366089919833399e+00 7.904971616424823821e+00 9.604706464308780056e+00 1.131895929213839658e+01 1.305088636500324917e+01
-1.290104268860491921e+01 -1.119056763347129113e+01 -9.501030369360586647e+00 -7.828482578121425561e+00 -6.147013006225810372e+00 -4.431787448254249639e+00 -2.677703153833302707e+00 -8.958359251889493891e-01 8.958359251889511654e-01 2.677703153833311589e+00 4.431787448254249639e+00 6.147013006225821918e+00 7.828482578121446878e+00 9.501030369360606187e+00 1.119056763347128935e+01 1.290104268860493342e+01
-1.275121465151436517e+01 -1.106234769795507056e+01 -9.398064115261787421e+00 -7.753438999940831522e+00 -6.097318767667326611e+00 -4.401353472291850366e+00 -2.661338371248538337e+00 -8.906730033479401953e-01 8.906730033479473008e-01 2.661338371248548995e+00 4.401353472291853919e+00 6.097318767667348816e+00 7.753438999940859055e+00 9.398064115261814067e+00 1.106234769795508477e+01 1.275121465151438294e+01
-1.260140310767013361e+01 -1.093431201930488328e+01 -9.295868557327189308e+00 -7.679937229286203149e+00 -6.049301115637895521e+00 -4.372089666134986174e+00 -2.645573457121210836e+00 -8.856869177714212782e-01 8.856869177714248309e-01 2.645573457121216165e+00 4.372089666134982622e+00 6.049301115637907955e+00 7.679937229286227129e+00 9.295868557327210624e+00 1.093431201930489216e+01 1.260140310767013716e+01
-1.245160900238845869e+01 -1.080647495140379277e+01 -9.194514130498102844e+00 -7.608081771206048671e+00 -6.002965607568579998e+00 -4.343910286013219491e+00 -2.630327006697417147e+00 -8.808474339611400694e-01 8.808474339611436221e-01 2.630327006697427805e+00 4.343910286013226596e+00 6.002965607568600426e+00 7.608081771206078869e+00 9.194514130498124160e+00 1.080647495140379633e+01 1.245160900238847290e+01
-1.230183338647675129e+01 -1.067885302794359248e+01 -9.094082693252470762e+00 -7.537984877656910498e+00 -5.958302250567072633e+00 -4.316716043725190133e+00 -2.615515002358456798e+00 -8.761246913317624063e-01 8.761246913317641827e-01 2.615515002358456798e+00 4.316716043725184804e+00 5.958302250567077962e+00 7.537984877656931815e+00 9.094082693252484972e+00 1.067885302794359070e+01 1.230183338647675129e+01
-1.215207743324574352e+01 -1.055146541365519752e+01 -8.994669775520012678e+00 -7.469765513210802510e+00 -5.915281801559146402e+00 -4.290394871350066808e+00 -2.601052355015903927e+00 -8.714896935663318800e-01 8.714896935663407618e-01 2.601052355015912809e+00 4.290394871350072137e+00 5.915281801559157060e+00 7.469765513210823826e+00 8.994669775520026889e+00 1.055146541365520108e+01 1.215207743324575063e+01
-1.200234245917199161e+01 -1.042433447580784645e+01 -8.896387318150331680e+00 -7.403547421405647810e+00 -5.873851889303221441e+00 -4.264823273732542219e+00 -2.586854455075275894e+00 -8.669147296500021582e-01 8.669147296500128164e-01 2.586854455075282999e+00 4.264823273732550213e+00 5.873851889303233875e+00 7.403547421405669127e+00 8.896387318150349444e+00 1.042433447580785355e+01 1.200234245917200226e+01
-1.185262994919830959e+01 -1.029748651537667925e+01 -8.799367003050697633e+00 -7.339455936027242444e+00 -5.833933205924338949e+00 -4.239868291363507069e+00 -2.572838664744994119e+00 -8.623737144248160291e-01 8.623737144248284636e-01 2.572838664745004778e+00 4.239868291363513286e+00 5.833933205924350496e+00 7.339455936027258431e+00 8.799367003050710068e+00 1.029748651537668458e+01 1.185262994919831847e+01
-1.170294158798702355e+01 -1.017095271268095047e+01 -8.703764278411465938e+00 -7.277613098184328777e+00 -5.795416120600304311e+00 -4.215390047472455493e+00 -2.558925685820335971e+00 -8.578424429782671723e-01 8.578424429782742777e-01 2.558925685820335971e+00 4.215390047472456381e+00 5.795416120600310528e+00 7.277613098184343876e+00 8.703764278411481925e+00 1.017095271268094692e+01 1.170294158798702888e+01
-1.155327929889527283e+01 -1.004477036472652784e+01 -8.609763173512504864e+00 -7.218130568910041234e+00 -5.758158172885146087e+00 -4.191244796064724554e+00 -2.545040744644230912e+00 -8.532987584394078340e-01 8.532987584394167158e-01 2.545040744644234465e+00 4.191244796064727218e+00 5.758158172885152304e+00 7.218130568910055445e+00 8.609763173512522627e+00 1.004477036472653495e+01 1.155327929889527638e+01
-1.140364529308427599e+01 -9.918984524625733101e+00 -8.517581955914737435e+00 -7.161099797024613522e+00 -5.721982986111312286e+00 -4.167288328757621230e+00 -2.531114548126362607e+00 -8.487226374098693071e-01 8.487226374098728598e-01 2.531114548126367936e+00 4.167288328757631888e+00 5.721982986111325609e+00 7.161099797024628622e+00 8.517581955914748093e+00 9.918984524625734878e+00 1.140364529308428310e+01
-1.125404213209572113e+01 -9.793650203162277634e+00 -8.427479581184643465e+00 -7.106578959846094889e+00 -5.686681171580174166e+00 -4.143379546147970771e+00 -2.517083980295661050e+00 -8.440962010191164211e-01 8.440962010191235265e-01 2.517083980295669932e+00 4.143379546147975212e+00 5.686681171580182159e+00 7.106578959846116206e+00 8.427479581184664781e+00 9.793650203162290069e+00 1.125404213209573001e+01
-1.110447280857068897e+01 -9.668835368256710083e+00 -8.339762672480310002e+00 -7.054576408354071404e+00 -5.652013735415879481e+00 -4.119383963323103970e+00 -2.502892526269105744e+00 -8.394036623054006441e-01 8.394036623054059731e-01 2.502892526269111073e+00 4.119383963323111963e+00 5.652013735415891027e+00 7.054576408354084727e+00 8.339762672480320660e+00 9.668835368256717189e+00 1.110447280857069075e+01
-1.095494085177633004e+01 -9.544625095199540610e+00 -8.254792366283963290e+00 -7.005030807948594784e+00 -5.617718318743635919e+00 -4.095176906947514794e+00 -2.488490427974983987e+00 -8.346312222500351652e-01 8.346312222500440470e-01 2.488490427974983987e+00 4.095176906947523676e+00 5.617718318743639472e+00 7.005030807948608995e+00 8.254792366283979277e+00 9.544625095199547715e+00 1.095494085177634069e+01
-1.080545046761201000e+01 -9.421127404616095546e+00 -8.172989657793104712e+00 -6.957788970964328357e+00 -5.583518282811064992e+00 -4.070646177642339936e+00 -2.473834591804845218e+00 -8.297669273987544614e-01 8.297669273987668959e-01 2.473834591804850547e+00 4.070646177642349706e+00 5.583518282811073874e+00 6.957788970964339015e+00 8.172989657793118923e+00 9.421127404616102652e+00 1.080545046761202244e+01
-1.065600672740400334e+01 -9.298481618902529888e+00 -8.094836732722223260e+00 -6.912583607835939503e+00 -5.549134214054072700e+00 -4.045693995679181754e+00 -2.458888281247928020e+00 -8.248005017300616970e-01 8.248005017300741315e-01 2.458888281247931573e+00 4.045693995679191524e+00 5.549134214054075365e+00 6.912583607835946609e+00 8.094836732722232142e+00 9.298481618902533441e+00 1.065600672740400334e+01
-1.050661582711805231e+01 -9.176870542817271215e+00 -8.020870053360118490e+00 -6.869014873079352768e+00 -5.514296939129470942e+00 -4.020238114544294916e+00 -2.443620636630294385e+00 -8.197231644617062329e-01 8.197231644617204438e-01 2.443620636630301490e+00 4.020238114544307351e+00 5.514296939129478936e+00 6.869014873079361649e+00 8.020870053360130925e+00 9.176870542817272991e+00 1.050661582711805586e+01
-1.035728545046916871e+01 -9.056538548423164414e+00 -7.951658673773545516e+00 -6.826541426661686174e+00 -5.478760721786317234e+00 -3.994212065649113796e+00 -2.428006069018408652e+00 -8.145274440234473445e-01 8.145274440234562263e-01 2.428006069018416646e+00 3.994212065649125343e+00 5.478760721786328780e+00 6.826541426661691503e+00 7.951658673773554398e+00 9.056538548423162638e+00 1.035728545046916871e+01
-1.020802528914041929e+01 -8.937818907228674448e+00 -7.887758713163346869e+00 -6.784488136747764742e+00 -5.442315094863186431e+00 -3.967564576359011497e+00 -2.412023576325839969e+00 -8.092069966613024690e-01 8.092069966613166798e-01 2.412023576325845298e+00 3.967564576359024819e+00 5.442315094863196201e+00 6.784488136747772735e+00 7.887758713163357527e+00 8.937818907228674448e+00 1.020802528914042639e+01
-1.005884780723851080e+01 -8.821175732147853665e+00 -7.829632960561415445e+00 -6.742077308772127964e+00 -5.404793861370549735e+00 -3.940258271387826028e+00 -2.395656027235430585e+00 -8.037564362488129888e-01 8.037564362488254233e-01 2.395656027235434138e+00 3.940258271387839351e+00 5.404793861370556840e+00 6.742077308772136846e+00 7.829632960561427879e+00 8.821175732147857218e+00 1.005884780723851080e+01
-9.909769397524424761e+00 -8.707268929497004706e+00 -7.777524522480774749e+00 -6.698486853034754773e+00 -5.366080193735035309e+00 -3.912267816444451540e+00 -2.378889453500047324e+00 -7.981711800044308802e-01 7.981711800044379856e-01 2.378889453500051765e+00 3.912267816444462198e+00 5.366080193735043302e+00 6.698486853034754773e+00 7.777524522480785407e+00 8.707268929497004706e+00 9.909769397524424761e+00
-9.760812189031398134e+00 -8.597054359583601979e+00 -7.731276498878120407e+00 -6.652931182480866568e+00 -5.326107379406000319e+00 -3.883577689252625476e+00 -2.361712384379879737e+00 -7.924473130581031199e-01 7.924473130581084490e-01 2.361712384379884178e+00 3.883577689252641463e+00 5.326107379406012754e+00 6.652931182480872785e+00 7.731276498878129289e+00 8.597054359583607308e+00 9.760812189031401687e+00
-9.612006983556067752e+00 -8.491933224580225925e+00 -7.690097116161691559e+00 -6.604750480368657861e+00 -5.284855436606649803e+00 -3.854179767522376565e+00 -2.344115249239683507e+00 -7.865814732472955484e-01 7.865814732473079829e-01 2.344115249239691501e+00 3.854179767522388111e+00 5.284855436606664014e+00 6.604750480368664078e+00 7.690097116161702218e+00 8.491933224580231254e+00 9.612006983556076634e+00
-9.463398245744418347e+00 -8.393953321112640253e+00 -7.652287678146695526e+00 -6.553486447131028569e+00 -5.242344378745649180e+00 -3.824070910229050213e+00 -2.326089866369645875e+00 -7.805707561960968377e-01 7.805707561961128249e-01 2.326089866369656534e+00 3.824070910229067088e+00 5.242344378745664280e+00 6.553486447131037451e+00 7.652287678146702632e+00 8.393953321112642030e+00 9.463398245744425452e+00
-9.315053050325385442e+00 -8.306008005728639176e+00 -7.615004982721778504e+00 -6.498923876904871832e+00 -5.198625222105350829e+00 -3.793250683387444866e+00 -2.307629028452467423e+00 -7.744126396603991935e-01 7.744126396604098517e-01 2.307629028452472753e+00 3.793250683387459077e+00 5.198625222105361487e+00 6.498923876904878938e+00 7.615004982721785609e+00 8.306008005728640953e+00 9.315053050325390771e+00
-9.167078203099203293e+00 -8.231823915945140513e+00 -7.574270861673264577e+00 -6.441088882118920722e+00 -5.153769885029586106e+00 -3.761719350178132970e+00 -2.288726188152622854e+00 -7.681049253078597872e-01 7.681049253078686689e-01 2.288726188152627294e+00 3.761719350178147181e+00 5.153769885029595876e+00 6.441088882118927827e+00 7.574270861673269906e+00 8.231823915945145842e+00 9.167078203099206846e+00
-9.019655753218463801e+00 -8.175324152393558919e+00 -7.525624496400537211e+00 -6.380210115287651362e+00 -5.107860976035185629e+00 -3.729476212502246923e+00 -2.269375241282014954e+00 -7.616456955309196530e-01 7.616456955309320875e-01 2.269375241282018507e+00 3.729476212502256693e+00 5.107860976035192735e+00 6.380210115287654915e+00 7.525624496400538987e+00 8.175324152393566024e+00 9.019655753218463801e+00
-8.873124597567921157e+00 -8.139148769417422713e+00 -7.465590371632503164e+00 -6.316659795477921335e+00 -5.060982211512602191e+00 -3.696518359907784657e+00 -2.249570400013947591e+00 -7.550332825433372363e-01 7.550332825433478945e-01 2.249570400013953808e+00 3.696518359907793538e+00 5.060982211512612849e+00 6.316659795477928441e+00 7.465590371632506717e+00 8.139148769417428042e+00 8.873124597567926486e+00
-8.728194872470789178e+00 -8.123098070164504136e+00 -7.393091414878087519e+00 -6.250892317392402475e+00 -5.013209936078618867e+00 -3.662839853834068293e+00 -2.229306144710159643e+00 -7.482662468593801464e-01 7.482662468593952454e-01 2.229306144710173854e+00 3.662839853834078951e+00 5.013209936078627749e+00 6.250892317392411357e+00 7.393091414878093737e+00 8.123098070164514795e+00 8.728194872470794508e+00
-8.586621733532121326e+00 -8.123504162271599327e+00 -7.309463224647799962e+00 -6.183392240602799461e+00 -4.964606005116683818e+00 -3.628431350497026031e+00 -2.208577240077298498e+00 -7.413433622711131932e-01 7.413433622711176341e-01 2.208577240077307380e+00 3.628431350497036689e+00 4.964606005116698029e+00 6.183392240602810119e+00 7.309463224647800850e+00 8.123504162271604656e+00 8.586621733532124878e+00
-8.453869321067255527e+00 -8.131832628383740769e+00 -7.217232412884792225e+00 -6.114635893619567497e+00 -4.915212157684640815e+00 -3.593280143998082821e+00 -2.187378799535849794e+00 -7.342636045933446098e-01 7.342636045933605971e-01 2.187378799535859564e+00 3.593280143998096143e+00 4.915212157684649696e+00 6.114635893619579932e+00 7.217232412884791337e+00 8.131832628383747874e+00 8.453869321067259079e+00
-8.350866595842791895e+00 -8.124110409343956007e+00 -7.118962499491548357e+00 -6.045065355207947633e+00 -4.865045956657448656e+00 -3.557370591706517260e+00 -2.165706380805378473e+00 -7.270261417102599211e-01 7.270261417102661383e-01 2.165706380805384690e+00 3.557370591706527918e+00 4.865045956657459314e+00 6.045065355207954738e+00 7.118962499491551910e+00 8.124110409343959560e+00 8.350866595842793672e+00
-8.321929536085562518e+00 -8.053515807515783109e+00 -7.016760742444825283e+00 -5.975071023769904954e+00 -4.814098380124818277e+00 -3.520684866209428776e+00 -2.143556095713455178e+00 -7.196303228037503885e-01 7.196303228037583821e-01 2.143556095713457843e+00 3.520684866209435882e+00 4.814098380124826271e+00 5.975071023769912948e+00 7.016760742444825283e+00 8.053515807515788438e+00 8.321929536085573176e+00
-8.353108149196060594e+00 -7.932083223192105237e+00 -6.912239026899010597e+00 -5.904978558315995940e+00 -4.762333181816750027e+00 -3.483203962235192463e+00 -2.120924718039281842e+00 -7.120756650479940220e-01 7.120756650480073446e-01 2.120924718039287171e+00 3.483203962235203122e+00 4.762333181816758909e+00 5.904978558315999493e+00 6.912239026899007932e+00 7.932083223192111454e+00 8.353108149196065924e+00
-8.408227411799968465e+00 -7.794553342733527401e+00 -6.806632509863474567e+00 -5.835036622217341318e+00 -4.709688162679229961e+00 -3.444908873620137868e+00 -2.097809774710624353e+00 -7.043618364932751064e-01 7.043618364932848763e-01 2.097809774710630570e+00 3.444908873620148526e+00 4.709688162679245949e+00 5.835036622217350200e+00 6.806632509863474567e+00 7.794553342733534507e+00 8.408227411799968465e+00
-8.475258629593419357e+00 -7.651878000392279944e+00 -6.700932807593039442e+00 -5.765402916558846513e+00 -4.656078475217302781e+00 -3.405781845765076810e+00 -2.074209607772923292e+00 -6.964886343159051307e-01 6.964886343159140125e-01 2.074209607772930397e+00 3.405781845765090132e+00 4.656078475217313439e+00 5.765402916558858060e+00 6.700932807593042106e+00 7.651878000392287937e+00 8.475258629593424686e+00
-8.550256311518387164e+00 -7.507186435733055774e+00 -6.595995255546878155e+00 -5.696127239842406098e+00 -4.601401987877940414e+00 -3.365807604465068437e+00 -2.050123397116694335e+00 -6.884559580621729680e-01 6.884559580621818498e-01 2.050123397116704993e+00 3.365807604465076430e+00 4.601401987877951072e+00 5.696127239842415868e+00 6.595995255546881708e+00 7.507186435733064656e+00 8.550256311518388941e+00
-8.631429663425670640e+00 -7.361647086020054687e+00 -6.492616963965783583e+00 -5.627131866241175118e+00 -4.545546554883728163e+00 -3.324974463638978861e+00 -2.025551136846388545e+00 -6.802637779476103930e-01 6.802637779476219393e-01 2.025551136846396538e+00 3.324974463638985078e+00 4.545546554883735269e+00 5.627131866241187552e+00 6.492616963965785359e+00 7.361647086020058239e+00 8.631429663425677745e+00
-8.717744080061867962e+00 -7.215823850040292697e+00 -6.391589421880487620e+00 -5.558191679070018765e+00 -4.488398779912543546e+00 -3.283275222889720624e+00 -2.000493561259990116e+00 -6.719120986768043480e-01 6.719120986768150061e-01 2.000493561259999886e+00 3.283275222889729505e+00 4.488398779912556869e+00 5.558191679070032087e+00 6.391589421880489397e+00 7.215823850040299803e+00 8.717744080061871514e+00
-8.808504352372963808e+00 -7.070070031624439366e+00 -6.293726075432733325e+00 -5.488919480863978961e+00 -4.429853575857359615e+00 -3.240707780671849392e+00 -1.974952019548243953e+00 -6.634009196123731300e-01 6.634009196123802354e-01 1.974952019548256388e+00 3.240707780671860938e+00 4.429853575857372938e+00 5.488919480863992284e+00 6.293726075432736877e+00 7.070070031624450024e+00 8.808504352372967361e+00
-8.903197705593916211e+00 -6.924680011128060642e+00 -6.199858657529231820e+00 -5.418765527449059149e+00 -4.369823583865095173e+00 -3.197275408860759782e+00 -1.948928301392959028e+00 -6.547301924372046500e-01 6.547301924372153081e-01 1.948928301392968798e+00 3.197275408860770440e+00 4.369823583865106720e+00 5.418765527449071584e+00 6.199858657529235373e+00 6.924680011128067747e+00 8.903197705593923317e+00
-9.001422862510361611e+00 -6.779975305372330396e+00 -6.110788586132535727e+00 -5.347043181396506029e+00 -4.308247409134006389e+00 -3.152986657653842784e+00 -1.922424418546368585e+00 -6.458997777138826279e-01 6.458997777138915097e-01 1.922424418546377467e+00 3.152986657653853442e+00 4.308247409134017047e+00 5.347043181396511358e+00 6.110788586132533950e+00 6.779975305372337502e+00 9.001422862510368716e+00
-9.102853195121443974e+00 -6.636387499715198146e+00 -6.027173251927155917e+00 -5.272991268994715597e+00 -4.245095720161071284e+00 -3.107854883539909352e+00 -1.895442350133357934e+00 -6.369094019439032195e-01 6.369094019439103249e-01 1.895442350133366816e+00 3.107854883539915569e+00 4.245095720161081942e+00 5.272991268994728031e+00 6.027173251927161246e+00 6.636387499715201699e+00 9.102853195121443974e+00
-9.207215436140932852e+00 -6.494582247155022969e+00 -5.949321443872793935e+00 -5.195873865572037786e+00 -4.180374545694336419e+00 -3.061897415209875462e+00 -1.867983761787440855e+00 -6.277586168612518946e-01 6.277586168612607764e-01 1.867983761787453290e+00 3.061897415209887896e+00 4.180374545694350630e+00 5.195873865572049333e+00 5.949321443872805482e+00 6.494582247155033627e+00 9.207215436140939957e+00
-9.314276334810209335e+00 -6.355689546406111390e+00 -5.876858736356464163e+00 -5.115099288854032977e+00 -4.114125522838937954e+00 -3.015134391014228754e+00 -1.840049710781752168e+00 -6.184467627541430090e-01 6.184467627541501145e-01 1.840049710781764603e+00 3.015134391014238524e+00 4.114125522838951277e+00 5.115099288854045412e+00 5.876858736356476598e+00 6.355689546406120272e+00 9.314276334810211111e+00
-9.423833748031899660e+00 -6.221762168841598495e+00 -5.808180741526538071e+00 -5.030321784193969137e+00 -4.046423285209037601e+00 -2.967587316123101004e+00 -1.811640351028675155e+00 -6.089729375897210417e-01 6.089729375897281471e-01 1.811640351028682261e+00 2.967587316123108998e+00 4.046423285209042930e+00 5.030321784193973578e+00 5.808180741526548729e+00 6.221762168841602048e+00 9.423833748031908542e+00
-9.535710392036728322e+00 -6.096624889459695495e+00 -5.739569818769378884e+00 -4.941488832246660579e+00 -3.977370513762853221e+00 -2.919277398233917964e+00 -1.782754653173601156e+00 -5.993359736121330883e-01 5.993359736121419701e-01 1.782754653173610926e+00 2.919277398233927734e+00 3.977370513762864768e+00 4.941488832246669460e+00 5.739569818769389542e+00 6.096624889459699048e+00 9.535710392036730099e+00
-9.649749285393076192e+00 -5.986817674961551816e+00 -5.664285593227447180e+00 -4.848820780665683117e+00 -3.907091329884327280e+00 -2.870223728820040066e+00 -1.753390155955225183e+00 -5.895344228872332337e-01 5.895344228872421155e-01 1.753390155955238505e+00 2.870223728820048947e+00 3.907091329884337938e+00 4.848820780665688446e+00 5.664285593227459614e+00 5.986817674961560698e+00 9.649749285393081522e+00
-9.765810319397122186e+00 -5.900152859337495670e+00 -5.574090694139568924e+00 -4.752741183731489016e+00 -3.835723679083161031e+00 -2.820441384550370856e+00 -1.723542765466225646e+00 -5.795665529697870966e-01 5.795665529697959784e-01 1.723542765466238080e+00 2.820441384550382402e+00 3.835723679083174353e+00 4.752741183731498786e+00 5.574090694139579583e+00 5.900152859337506328e+00 9.765810319397131067e+00
-9.883767609835214074e+00 -5.839568923563044578e+00 -5.465494615235611420e+00 -4.653792105986772398e+00 -3.763411177462607782e+00 -2.769939532921263492e+00 -1.693206618795644047e+00 -5.694303534628168961e-01 5.694303534628257779e-01 1.693206618795656482e+00 2.769939532921268821e+00 3.763411177462615775e+00 4.653792105986775951e+00 5.465494615235618525e+00 5.839568923563051683e+00 9.883767609835219403e+00
-1.000350740818115547e+01 -5.800704861193924700e+00 -5.342263485107315191e+00 -4.552562510865323375e+00 -3.690294642006243464e+00 -2.718719639319484571e+00 -1.662374027583766178e+00 -5.591235537177379200e-01 5.591235537177503545e-01 1.662374027583780389e+00 2.718719639319494341e+00 3.690294642006257675e+00 4.552562510865327816e+00 5.342263485107324072e+00 5.800704861193938910e+00 1.000350740818115902e+01
-1.012492642441601198e+01 -5.777386349018422962e+00 -5.209992561402646771e+00 -4.449641758046896101e+00 -3.616503270737144504e+00 -2.666773890717351492e+00 -1.631035515040338169e+00 -5.486436512822905343e-01 5.486436512823029688e-01 1.631035515040352379e+00 2.666773890717363038e+00 3.616503270737156939e+00 4.449641758046896989e+00 5.209992561402655653e+00 5.777386349018434508e+00 1.012492642441601198e+01
-1.024793045981756023e+01 -5.765188181903578624e+00 -5.072578203477572600e+00 -4.345597188347140261e+00 -3.542145239306877968e+00 -2.614083973324145660e+00 -1.599179956704594119e+00 -5.379879499403461551e-01 5.379879499403568133e-01 1.599179956704604777e+00 2.614083973324157206e+00 3.542145239306894844e+00 4.345597188347150919e+00 5.072578203477583259e+00 5.765188181903589282e+00 1.024793045981756379e+01
-1.037243327785754587e+01 -5.761418305331460488e+00 -4.932251072678276671e+00 -4.240968951776421747e+00 -3.467297388341927800e+00 -2.560620364605538768e+00 -1.566794830403290817e+00 -5.271536053062622074e-01 5.271536053062728655e-01 1.566794830403301475e+00 2.560620364605548538e+00 3.467297388341937570e+00 4.240968951776422635e+00 4.932251072678282000e+00 5.761418305331470258e+00 1.037243327785754410e+01
-1.049835566117768870e+01 -5.764421150120911719e+00 -4.790280596243290390e+00 -4.136274472939572178e+00 -3.391993750344449055e+00 -2.506342317737123793e+00 -1.533866574284763473e+00 -5.161376749473038927e-01 5.161376749473198799e-01 1.533866574284779460e+00 2.506342317737139780e+00 3.391993750344463265e+00 4.136274472939575730e+00 4.790280596243303712e+00 5.764421150120921489e+00 1.049835566117769758e+01
-1.062562461618226983e+01 -5.773112858649286139e+00 -4.647444543005974538e+00 -4.032015919234998691e+00 -3.316212991054646508e+00 -2.451198718924679554e+00 -1.500381043381839419e+00 -5.049371689289259280e-01 5.049371689289383625e-01 1.500381043381855406e+00 2.451198718924697317e+00 3.316212991054661607e+00 4.032015919235004020e+00 4.647444543005987860e+00 5.773112858649300350e+00 1.062562461618226983e+01
-1.075417269628849226e+01 -5.786734380062359406e+00 -4.504283024322820239e+00 -3.928684517834337697e+00 -3.239865534401520364e+00 -2.395129972621958814e+00 -1.466324044962819428e+00 -4.935490955394499224e-01 4.935490955394623569e-01 1.466324044962833639e+00 2.395129972621969472e+00 3.239865534401530134e+00 3.928684517834347467e+00 4.504283024322829121e+00 5.786734380062378946e+00 1.075417269628849226e+01
-1.088393742167651013e+01 -5.804722499832234206e+00 -4.361242215814742806e+00 -3.826754393354582007e+00 -3.162782316934858784e+00 -2.338071004017550081e+00 -1.431681921264290835e+00 -4.819704957951405078e-01 4.819704957951493896e-01 1.431681921264305046e+00 2.338071004017564292e+00 3.162782316934869442e+00 3.826754393354588224e+00 4.361242215814750800e+00 5.804722499832255522e+00 1.088393742167651013e+01
-1.101486077833747856e+01 -5.826639697989346445e+00 -4.218774320465957572e+00 -3.726655018094565008e+00 -3.084708767359479964e+00 -2.279955354502815723e+00 -1.396442135585569844e+00 -4.701984592132912866e-01 4.701984592132983920e-01 1.396442135585580502e+00 2.279955354502822829e+00 3.084708767359487069e+00 3.726655018094567673e+00 4.218774320465961125e+00 5.826639697989363320e+00 1.101486077833748034e+01
-1.114688878289361718e+01 -5.852133823276984614e+00 -4.077435412096939160e+00 -3.628704595552200374e+00 -3.005309336509229823e+00 -2.220720187384278788e+00 -1.360593804880032565e+00 -4.582301123514138652e-01 4.582301123514209706e-01 1.360593804880041446e+00 2.220720187384285893e+00 3.005309336509235152e+00 3.628704595552205703e+00 4.077435412096940048e+00 5.852133823277005042e+00 1.114688878289362428e+01
-1.127997110243016188e+01 -5.880913565822686095e+00 -3.938017987170113088e+00 -3.532976010782372001e+00 -2.924188601608472382e+00 -2.160311837250297629e+00 -1.324128109732921388e+00 -4.460625708557603986e-01 4.460625708557728331e-01 1.324128109732937375e+00 2.160311837250311839e+00 2.924188601608483040e+00 3.532976010782381771e+00 3.938017987170122858e+00 5.880913565822705635e+00 1.127997110243016365e+01
-1.141406072068919819e+01 -5.912732744562051224e+00 -3.801763120479293434e+00 -3.439054236412092180e+00 -2.840932796537904537e+00 -2.098691362935223736e+00 -1.287038501800779500e+00 -4.336928453961785834e-01 4.336928453961856889e-01 1.287038501800791934e+00 2.098691362935236171e+00 2.840932796537911642e+00 3.439054236412101062e+00 3.801763120479296987e+00 5.912732744562071652e+00 1.141406072068920530e+01
-1.154911364360580350e+01 -5.947379769996462784e+00 -3.670694874488699355e+00 -3.345649620955098769e+00 -2.755169111712023167e+00 -2.035839444696584621e+00 -1.249320620160824902e+00 -4.211176920998500606e-01 4.211176920998607187e-01 1.249320620160840889e+00 2.035839444696597056e+00 2.755169111712028496e+00 3.345649620955102321e+00 3.670694874488705572e+00 5.947379769996479659e+00 1.154911364360581061e+01
-1.168508863843984003e+01 -5.984670292557034088e+00 -3.548001722559739335e+00 -3.250157254331398349e+00 -2.666630615565315665e+00 -1.971759935425717813e+00 -1.210971822294244049e+00 -4.083333992323439077e-01 4.083333992323510131e-01 1.210971822294254707e+00 1.971759935425730248e+00 2.666630615565322771e+00 3.250157254331405454e+00 3.548001722559744664e+00 5.984670292557056293e+00 1.168508863843985068e+01
-1.182194700176218305e+01 -6.024441896980160749e+00 -3.437912372211272327e+00 -3.148735833715354815e+00 -2.575207884822042104e+00 -1.906481438149306484e+00 -1.171990233561380990e+00 -3.953355043221780107e-01 3.953355043221922216e-01 1.171990233561398753e+00 1.906481438149327801e+00 2.575207884822050985e+00 3.148735833715367249e+00 3.437912372211284762e+00 6.024441896980183841e+00 1.182194700176218305e+01
-1.195965235235444801e+01 -6.066550161148301257e+00 -3.344056447749409244e+00 -3.037933121369025713e+00 -2.480971108864432395e+00 -1.840056399784616659e+00 -1.132373222893265918e+00 -3.821184402421096138e-01 3.821184402421220483e-01 1.132373222893280129e+00 1.840056399784632646e+00 2.480971108864439501e+00 3.037933121369038147e+00 3.344056447749421679e+00 6.066550161148312803e+00 1.195965235235444801e+01
-1.209817044572525724e+01 -6.110865655421944709e+00 -3.267137395693792357e+00 -2.917035305658853162e+00 -2.384158941830584411e+00 -1.772557306781177289e+00 -1.092115226040016651e+00 -3.686751156629295423e-01 3.686751156629384241e-01 1.092115226040029086e+00 1.772557306781189723e+00 2.384158941830587963e+00 2.917035305658862043e+00 3.267137395693797686e+00 6.110865655421964249e+00 1.209817044572526790e+01
-1.223746900746697186e+01 -6.157271609217326969e+00 -3.205033659719589423e+00 -2.788014658565380444e+00 -2.285144448871132994e+00 -1.704069546177208849e+00 -1.051204869123763430e+00 -3.549964456375853672e-01 3.549964456375960253e-01 1.051204869123775865e+00 1.704069546177221284e+00 2.285144448871138323e+00 2.788014658565391102e+00 3.205033659719601857e+00 6.157271609217342068e+00 1.223746900746698252e+01
-1.237751758310248640e+01 -6.205662063074329993e+00 -3.154878621020976937e+00 -2.653509146932153229e+00 -2.184394844042579109e+00 -1.634680274622331453e+00 -1.009621408912790841e+00 -3.410708627223293377e-01 3.410708627223435485e-01 1.009621408912805052e+00 1.634680274622347440e+00 2.184394844042587991e+00 2.653509146932162110e+00 3.154878621020989371e+00 6.205662063074351309e+00 1.237751758310249706e+01
-1.251828740242155291e+01 -6.255940381869478983e+00 -3.114330185156495290e+00 -2.515610874855754631e+00 -2.082438377369488336e+00 -1.564462196532129923e+00 -9.673306252908560054e-01 -3.268838585774123118e-01 3.268838585774247463e-01 9.673306252908684399e-01 1.564462196532145910e+00 2.082438377369498994e+00 2.515610874855765289e+00 3.114330185156511277e+00 6.255940381869496747e+00 1.251828740242156535e+01
-1.265975125659494793e+01 -6.308018041951353183e+00 -3.081732485231711394e+00 -2.375757611218503484e+00 -1.979843069821749069e+00 -1.493450609697974940e+00 -9.242805075163360584e-01 -3.124176300701062559e-01 3.124176300701169140e-01 9.242805075163449402e-01 1.493450609697987375e+00 1.979843069821754398e+00 2.375757611218510590e+00 3.081732485231722052e+00 6.308018041951383381e+00 1.265975125659496037e+01
-1.280188338659568004e+01 -6.361813629639858192e+00 -3.055932731432063676e+00 -2.234971220565562078e+00 -1.877201743663345468e+00 -1.421611875494054544e+00 -8.803974020187137484e-01 -2.976509301059131474e-01 2.976509301059255819e-01 8.803974020187244065e-01 1.421611875494068755e+00 1.877201743663352573e+00 2.234971220565572736e+00 3.055932731432069005e+00 6.361813629639879508e+00 1.280188338659569425e+01
-1.294465938165766872e+01 -6.417252005320094099e+00 -3.036103361001062595e+00 -2.094111856708307684e+00 -1.775103922872483864e+00 -1.348802759887194114e+00 -8.355837469029125941e-01 -2.825592452790086639e-01 2.825592452790228748e-01 8.355837469029250286e-01 1.348802759887208325e+00 1.775103922872492745e+00 2.094111856708318342e+00 3.036103361001076806e+00 6.417252005320119856e+00 1.294465938165767227e+01
-1.308805608667161735e+01 -6.474263599046306439e+00 -3.021625342092477240e+00 -1.954133240236343383e+00 -1.674047442132291508e+00 -1.274725246140448576e+00 -7.897190473908359820e-01 -2.671154263714541344e-01 2.671154263714701216e-01 7.897190473908448638e-01 1.274725246140459234e+00 1.674047442132300390e+00 1.954133240236350488e+00 3.021625342092498556e+00 6.474263599046323314e+00 1.308805608667162090e+01
-1.323205151756115150e+01 -6.532783811863458467e+00 -3.012017569723907329e+00 -1.816444860294131658e+00 -1.574180487638916048e+00 -1.198893768951046823e+00 -7.426661405380432512e-01 -2.512908583217718927e-01 2.512908583217843272e-01 7.426661405380503567e-01 1.198893768951055705e+00 1.574180487638926706e+00 1.816444860294140540e+00 3.012017569723925092e+00 6.532783811863475343e+00 1.323205151756114617e+01
-1.337662478380333475e+01 -6.592752503047856649e+00 -3.006894039177554490e+00 -1.683577021182022904e+00 -1.474659044452639733e+00 -1.120651351694970543e+00 -6.942846343210362647e-01 -2.350571290244332090e-01 2.350571290244509726e-01 6.942846343210486992e-01 1.120651351694981201e+00 1.474659044452652168e+00 1.683577021182035338e+00 3.006894039177574030e+00 6.592752503047881518e+00 1.337662478380334719e+01
-1.352175601736202104e+01 -6.654113547869000556e+00 -3.005937049737434918e+00 -1.560233904802794669e+00 -1.372499721017293339e+00 -1.039282467614288663e+00 -6.444520745469670686e-01 -2.183878655711914973e-01 2.183878655712074845e-01 6.444520745469795031e-01 1.039282467614293992e+00 1.372499721017305774e+00 1.560233904802807103e+00 3.005937049737461564e+00 6.654113547869025425e+00 1.352175601736201749e+01
-1.366742630739023134e+01 -6.716814453756137837e+00 -3.008879768933811150e+00 -1.453262020655271769e+00 -1.262399289828243454e+00 -9.542363676514362680e-01 -5.930902895106200390e-01 -2.012598236912896965e-01 2.012598236913074601e-01 5.930902895106306971e-01 9.542363676514398207e-01 1.262399289828255888e+00 1.453262020655284203e+00 3.008879768933825360e+00 6.716814453756168923e+00 1.366742630739023312e+01
-1.381361764013533211e+01 -6.780806025231592926e+00 -3.015494437221859059e+00 -1.367205159039345475e+00 -1.140945924230054587e+00 -8.653821896393463220e-01 -5.401890230966532869e-01 -1.836512221827657498e-01 1.836512221827835134e-01 5.401890230966674977e-01 8.653821896393516511e-01 1.140945924230067021e+00 1.367205159039357909e+00 3.015494437221891033e+00 6.780806025231619572e+00 1.381361764013533744e+01
-1.396031284354522306e+01 -6.846042069868671476e+00 -3.025584100610670291e+00 -1.300623959074341585e+00 -1.010210533188258708e+00 -7.731584088068235161e-01 -4.858101239891148282e-01 -1.655333665070397586e-01 1.655333665070557458e-01 4.858101239891272627e-01 7.731584088068288452e-01 1.010210533188271143e+00 1.300623959074354019e+00 3.025584100610691607e+00 6.846042069868690128e+00 1.396031284354522661e+01
-1.410749553613168317e+01 -6.912479138998644856e+00 -3.038976633433719599e+00 -1.249755074028136903e+00 -8.742495083926957733e-01 -6.785642388926920177e-01 -4.300371810200349643e-01 -1.468485033438486909e-01 1.468485033438593490e-01 4.300371810200473988e-01 6.785642388926973467e-01 8.742495083927011024e-01 1.249755074028145785e+00 3.038976633433737362e+00 6.912479138998667949e+00 1.410749553613169205e+01
-1.425515007969616477e+01 -6.980076298037708682e+00 -3.055520299912906523e+00 -1.211686869666754873e+00 -7.363954458799568670e-01 -5.830496996600604831e-01 -3.727893515487714637e-01 -1.274636869142167228e-01 1.274636869142309337e-01 3.727893515487874510e-01 5.830496996600675885e-01 7.363954458799693015e-01 1.211686869666769084e+00 3.055520299912927840e+00 6.980076298037733551e+00 1.425515007969617365e+01
-1.440326153556629762e+01 -7.048794922209236091e+00 -3.075080382257706191e+00 -1.184563821741059897e+00 -6.003504964872607985e-01 -4.879848046977866005e-01 -3.133303346500735387e-01 -1.070959513817033582e-01 1.070959513817157926e-01 3.133303346500859732e-01 4.879848046977954823e-01 6.003504964872696803e-01 1.184563821741079437e+00 3.075080382257731060e+00 7.048794922209257408e+00 1.440326153556629585e+01
-1.455181562402927042e+01 -7.118598514157351786e+00 -3.097536568645725907e+00 -1.167181653807350727e+00 -4.760848135907878032e-01 -3.904117676481924093e-01 -2.494345228503824785e-01 -8.525312798323270158e-02 8.525312798324158337e-02 2.494345228503931367e-01 3.904117676482048438e-01 4.760848135907984613e-01 1.167181653807363162e+00 3.097536568645749000e+00 7.118598514157369550e+00 1.455181562402927931e+01
-1.470079868668127787e+01 -7.189452540525945068e+00 -3.122780896008041651e+00 -1.158718758829392570e+00 -3.883428150460552786e-01 -2.749367306325432025e-01 -1.778586781400601780e-01 -6.139432925543886199e-02 6.139432925545129649e-02 1.778586781400655070e-01 2.749367306325574134e-01 3.883428150460730421e-01 1.158718758829401452e+00 3.122780896008070073e+00 7.189452540525971713e+00 1.470079868668128853e+01
-1.485019765144084758e+01 -7.261324285045290594e+00 -3.150716106823249874e+00 -1.158595540915690947e+00 -3.435992673161738509e-01 -1.439085826755572839e-01 -9.953456207271926814e-02 -3.545252379469943094e-02 3.545252379470831272e-02 9.953456207272459721e-02 1.439085826755697184e-01 3.435992673162004962e-01 1.158595540915703381e+00 3.150716106823274743e+00 7.261324285045318128e+00 1.485019765144085646e+01
-1.500000000000000000e+01 -7.334182716049384432e+00 -3.181254320987652928e+00 -1.166399999999999881e+00 -3.319901234567901871e-01 -6.172839506172838470e-02 -4.800000000000002182e-03 -1.975308641975308661e-05 1.975308641975308661e-05 4.800000000000002182e-03 6.172839506172838470e-02 3.319901234567901871e-01 1.166399999999999881e+00 3.181254320987652928e+00 7.334182716049384432e+00 1.500000000000000000e+01
